T, time, status
2.347,1.174,0
2.873,1.115,0
2.579,1.639,1
2.385,1.838,0
2.720,1.998,1
2.146,2.433,0
2.404,2.823,1
2.895,1.598,1
2.641,1.361,1
2.517,1.054,0
2.145,1.131,1
2.699,0.957,1
2.527,1.374,1
2.131,6.134,-4
2.326,1.200,1
2.837,1.332,1
2.174,1.518,1
2.087,1.446,1
2.738,1.789,1
2.611,1.470,0
2.636,3.910,-2
2.759,1.378,1
2.396,1.578,1
2.721,1.109,1
2.486,1.618,1
2.436,1.216,1
2.706,1.250,0
2.628,5.892,-4
2.443,1.397,1
2.761,1.565,1
2.338,1.490,1
2.989,8.102,-2
3.035,1.159,1
2.863,1.562,1
2.598,1.361,1
2.856,1.451,1
2.705,1.382,1
2.647,1.611,1
2.920,20.152,-3
2.736,1.324,1
2.922,1.209,1
2.226,4.394,-4
2.797,1.395,0
2.657,1.304,0
2.537,1.192,1
2.966,11.611,-2
2.665,1.119,1
2.224,1.263,0
2.347,1.603,0
2.393,1.423,1
2.848,1.352,1
2.089,1.516,1
2.233,1.672,1
2.382,1.443,1
1.711,1.541,1
2.586,1.074,1
2.583,4.941,-4
2.850,1.311,1
2.321,1.680,0
2.673,6.058,-2
2.406,1.217,1
2.046,1.187,1
2.564,9.462,-2
2.796,1.031,1
1.693,5.692,-2
1.478,3.805,-4
2.384,1.453,1
2.547,1.164,1
2.641,1.094,1
2.439,6.046,-4
2.055,2.818,1
2.420,1.052,1
2.140,1.613,1
2.917,1.521,0
2.581,1.122,1
2.570,1.095,1
2.255,3.499,0
2.888,2.530,1
2.642,1.394,1
2.596,1.799,1
1.862,7.271,-2
2.367,3.376,-2
2.372,1.571,0
2.974,4.426,-2
2.140,3.024,1
2.193,1.697,1
2.563,1.213,0
2.880,3.406,0
2.376,1.669,1
2.340,4.672,-2
2.751,8.025,-4
2.756,1.139,1
2.367,0.955,0
2.183,1.097,0
2.374,0.959,0
2.547,1.204,1
2.745,9.021,-2
2.701,1.533,1
2.762,1.075,1
2.414,1.220,1
2.744,8.892,-4
2.300,1.514,1
2.670,4.286,-2
2.754,7.863,-2
2.784,1.218,1
2.364,1.700,1
1.741,1.256,1
2.973,11.181,-2
2.650,1.308,0
1.748,2.809,0
2.703,7.681,-2
2.441,1.112,1
2.580,6.000,-2
2.164,5.345,-4
2.791,1.213,1
2.296,1.579,1
1.741,1.736,1
2.445,1.115,0
2.238,1.109,0
3.048,1.151,0
2.892,13.279,-2
1.701,1.484,1
2.408,1.403,0
2.559,1.063,1
1.866,1.357,1
2.758,1.041,0
2.328,1.631,0
1.908,1.593,1
2.900,1.824,1
2.433,1.340,1
2.454,1.058,0
2.169,0.898,0
2.920,1.571,1
2.429,1.405,1
2.489,7.575,-2
2.334,22.585,-3
2.146,1.419,1
2.187,3.178,-2
1.875,2.080,0
2.456,10.712,1
2.574,1.628,0
2.078,1.208,1
2.196,1.922,1
2.734,4.820,-4
2.534,1.395,1
2.036,1.552,1
1.636,1.046,0
1.287,1.748,1
2.582,4.460,-2
2.781,5.214,-2
2.735,0.939,0
2.451,1.773,0
2.878,1.833,1
2.352,2.564,-4
2.406,1.254,1
2.661,1.022,1
2.623,1.337,1
1.856,1.089,0
1.362,2.653,1
2.508,1.499,1
2.906,1.273,1
2.738,0.730,0
2.311,1.620,1
2.142,0.914,0
2.720,1.060,1
1.298,1.399,1
2.502,9.271,-2
2.067,1.798,1
2.600,1.217,1
2.152,2.931,-4
2.459,1.680,1
2.495,1.245,1
2.872,1.230,1
2.130,1.215,1
2.339,1.319,0
2.619,0.720,0
2.196,1.005,1
2.348,1.971,1
2.293,1.005,1
2.115,1.808,1
2.917,1.132,0
2.544,1.734,1
2.991,6.250,-2
2.621,1.576,1
2.280,1.150,0
2.029,0.982,1
2.664,1.065,1
2.797,27.105,-3
2.572,1.534,1
2.640,0.854,0
2.246,1.320,1
2.455,1.450,1
2.516,1.871,0
2.282,1.199,0
1.807,1.515,1
2.678,4.499,-2
2.371,1.319,1
2.430,1.413,1
2.681,1.306,1
1.803,1.104,1
2.625,1.332,1
2.456,0.951,1
2.927,1.985,1
2.289,1.106,1
2.266,1.266,0
1.699,4.457,-4
2.720,7.377,-2
2.612,2.116,1
2.222,1.290,1
2.877,1.148,1
2.768,5.388,-2
2.427,5.913,-4
2.570,3.966,-4
1.935,1.740,0
2.724,1.419,1
2.046,1.254,1
2.547,1.121,1
2.582,6.781,-2
2.679,0.937,0
3.033,1.192,1
1.894,1.560,1
1.546,4.942,-4
2.465,1.383,1
1.213,1.334,1
1.490,1.515,0
2.606,0.803,0
2.666,1.134,1
2.918,3.424,-2
2.729,3.901,-2
2.082,1.035,1
2.183,0.956,0
2.339,1.199,1
3.009,9.920,-2
2.657,0.825,1
2.603,1.198,1
2.551,1.059,1
2.598,1.791,1
2.670,1.247,0
2.875,0.956,1
2.638,4.556,-2
2.481,1.304,0
2.190,1.744,0
2.437,0.870,0
2.537,9.835,-4
2.784,1.066,1
2.733,1.400,0
2.252,3.820,-4
2.288,1.033,0
2.170,1.209,1
2.815,1.133,1
2.001,1.274,1
2.362,3.890,-2
2.894,1.130,1
2.655,1.152,1
2.375,1.240,1
2.841,8.958,1
1.917,1.743,1
2.072,1.679,1
2.462,1.455,1
2.781,7.838,-2
2.755,1.141,1
2.637,7.213,-2
2.604,2.329,1
2.530,1.400,1
2.623,1.345,1
2.333,1.101,1
3.023,3.465,0
1.999,1.319,0
2.578,1.031,1
2.031,1.543,0
2.580,1.067,0
1.887,1.764,1
3.023,1.343,1
3.005,1.233,1
2.672,7.533,-2
2.751,9.718,-2
1.899,1.867,1
2.141,1.359,1
2.813,5.337,-2
2.555,1.501,0
2.416,0.918,1
2.425,11.138,-2
2.737,5.096,-2
2.789,7.497,-2
2.773,1.247,1
2.847,5.125,1
2.422,22.789,-3
2.467,5.909,-2
2.527,1.651,1
2.426,1.082,0
2.871,8.101,-2
2.847,7.309,-2
2.263,4.933,-2
2.873,1.487,0
2.540,1.998,1
1.844,2.785,-4
2.555,1.359,1
2.709,1.434,1
2.955,1.964,1
2.144,4.374,-2
2.247,1.021,1
2.668,6.729,-2
2.312,0.899,0
2.243,4.169,0
2.594,3.574,-4
2.166,3.221,-4
2.916,5.258,-2
2.418,5.737,-2
2.263,1.140,0
2.384,1.007,0
2.735,8.776,-4
2.708,0.870,0
2.508,1.124,0
2.493,1.169,1
2.563,1.175,0
2.226,1.096,1
1.993,1.377,0
2.362,1.021,1
2.780,1.613,1
1.468,1.818,1
1.471,1.572,1
2.215,1.186,1
2.302,1.055,1
2.654,1.220,1
2.749,1.294,0
2.209,3.478,-2
1.823,1.570,1
2.036,0.845,0
2.452,4.906,-2
2.863,1.147,1
2.834,8.462,-2
2.710,0.991,0
2.524,1.428,0
2.820,1.617,1
2.381,1.463,1
2.456,1.765,0
1.274,1.299,0
2.764,13.310,-2
2.698,1.014,0
2.562,0.958,0
2.766,2.074,1
2.802,6.489,-2
2.188,1.532,1
2.681,1.477,0
2.552,1.586,1
1.414,1.477,1
1.855,0.892,0
2.623,9.948,-2
2.792,1.060,1
2.360,1.388,0
2.478,1.425,1
2.430,1.003,1
2.724,9.108,-2
2.439,0.988,0
2.845,8.263,-2
2.445,5.924,-4
2.455,1.129,1
1.515,1.589,1
2.311,0.812,0
2.405,1.080,1
2.352,4.853,-4
2.267,1.601,1
2.087,1.730,1
2.930,1.490,1
2.312,3.658,-2
2.054,1.142,1
2.840,1.197,1
1.311,2.634,1
1.745,1.694,1
2.861,6.821,-4
2.351,1.162,1
2.961,15.205,0
2.877,1.232,1
2.403,1.375,1
2.288,1.124,1
2.087,1.016,1
2.997,1.018,1
2.208,1.457,1
2.365,1.227,0
2.213,2.102,-2
2.808,5.785,-2
2.643,12.080,-2
2.512,12.478,-2
2.813,1.356,1
2.845,2.239,0
2.858,1.225,1
1.891,2.884,-4
1.933,3.396,-4
2.475,1.166,1
2.877,1.008,0
2.934,8.280,-2
2.073,1.012,1
2.627,1.000,0
2.289,0.988,0
3.176,1.667,1
2.775,1.666,1
2.404,1.153,0
2.694,1.584,1
2.304,1.528,1
2.533,1.174,1
2.542,1.083,0
2.146,2.392,1
1.879,2.380,-4
2.908,2.857,1
2.351,1.798,1
3.125,1.853,0
2.475,0.990,0
2.913,0.943,0
2.901,1.326,1
2.763,2.013,1
2.682,0.828,1
2.933,1.261,1
2.063,1.024,0
2.877,1.012,1
2.665,2.479,-2
2.938,8.210,0
2.481,1.539,1
2.672,1.435,1
2.152,1.250,1
2.554,7.280,-2
2.616,1.325,1
1.825,0.829,1
2.731,0.905,1
2.776,8.973,-2
2.562,3.812,-2
3.137,7.201,-2
2.062,5.114,-4
2.404,2.789,-4
2.796,0.979,1
2.928,1.731,1
2.903,1.540,1
2.598,1.070,1
2.568,1.171,1
2.946,5.907,-4
2.703,6.037,-2
2.272,1.224,1
2.368,6.085,-2
2.436,1.259,1
2.752,4.340,-2
2.442,1.205,1
2.265,0.946,0
2.562,1.184,0
2.301,1.590,1
2.859,1.160,0
2.288,2.497,-4
2.837,0.902,0
2.731,4.248,1
2.375,1.550,1
2.468,1.193,1
2.905,11.648,-2
2.524,7.229,-2
2.897,8.039,1
2.975,6.984,-2
2.709,1.018,0
2.451,1.168,1
3.099,7.056,-2
2.197,1.335,1
2.433,7.141,-4
2.776,1.522,1
2.528,1.910,1
2.436,2.239,1
2.892,6.935,-2
2.643,1.283,0
2.692,1.101,1
2.744,1.443,0
2.252,1.040,1
2.682,1.083,1
2.171,1.099,0
2.738,5.287,-2
2.595,1.102,1
2.141,1.291,1
3.080,1.736,1
2.377,1.518,1
2.821,6.092,1
2.569,4.452,-4
2.603,1.213,1
2.183,1.853,1
2.838,1.325,1
2.609,1.331,1
2.443,6.031,-2
2.325,3.732,1
2.564,1.232,0
2.298,2.284,-4
2.345,1.067,1
2.167,1.383,1
2.163,1.671,1
2.809,8.519,1
3.012,5.279,-2
2.147,1.157,1
2.394,4.648,-2
2.168,1.212,1
2.426,1.444,0
1.580,2.599,0
2.307,1.982,1
2.308,1.516,1
2.746,5.397,-2
2.910,2.779,-2
2.565,3.578,-2
2.380,1.372,1
2.205,4.211,-2
2.910,2.209,1
2.107,7.619,-2
2.200,1.799,1
2.207,7.548,-4
2.909,1.098,1
2.713,4.639,-2
2.743,1.969,0
2.854,12.937,-2
2.146,1.098,0
2.960,1.272,1
2.370,3.672,-4
1.973,1.480,1
2.945,0.888,0
2.837,1.623,1
2.833,1.327,1
2.815,0.824,0
2.837,7.425,-2
2.758,1.052,0
2.848,7.982,-2
2.350,1.275,1
2.915,1.439,1
2.513,1.105,1
2.302,0.936,0
2.639,3.088,1
2.789,1.180,1
1.314,1.979,1
2.490,1.199,1
2.867,1.141,0
2.634,1.210,1
2.744,1.403,1
2.784,0.751,0
2.064,1.294,1
2.768,1.875,1
2.493,1.059,1
2.973,5.986,-2
2.190,1.631,0
2.254,2.185,0
2.347,1.298,1
2.685,1.339,0
1.851,1.780,-4
2.140,1.804,1
3.001,2.454,1
2.613,1.155,1
2.254,1.403,1
2.764,5.521,-2
1.481,1.554,0
2.582,4.946,-2
2.451,1.814,0
2.187,1.582,1
2.339,1.541,1
2.978,7.206,-2
2.591,6.451,1
1.904,0.838,0
2.760,1.450,1
2.843,1.664,1
2.295,1.476,1
2.803,0.857,0
1.342,3.137,-4
2.745,10.962,-2
1.729,1.477,0
2.862,7.182,-2
2.971,1.919,1
2.809,1.819,1
2.640,1.228,0
2.210,1.807,1
2.232,4.830,-4
2.358,6.969,-2
2.038,2.170,1
2.241,1.169,1
2.762,2.733,0
2.799,1.404,1
2.438,0.960,0
2.861,1.582,1
2.928,4.494,-2
2.495,4.516,-4
2.492,4.647,-4
1.182,0.872,0
2.568,1.342,1
2.723,2.364,1
2.957,14.097,-2
2.401,1.615,0
1.877,1.231,1
1.228,2.313,-4
1.857,0.938,1
2.610,1.451,1
2.394,1.437,1
2.605,5.278,1
1.933,0.881,1
1.797,1.988,1
2.694,1.251,1
2.610,1.213,1
1.956,1.734,0
2.526,0.956,1
2.306,1.828,1
2.457,3.799,1
2.257,1.102,1
3.032,1.985,1
2.551,1.245,0
2.348,1.114,0
2.674,4.247,0
1.881,2.615,1
2.174,1.069,1
2.608,1.396,1
3.112,1.922,0
1.900,1.594,0
2.846,1.487,0
2.782,1.140,1
2.493,1.207,1
2.468,1.393,1
2.329,0.934,0
2.744,0.949,1
2.900,1.542,1
2.210,1.096,0
2.502,1.280,1
2.501,7.285,1
1.665,1.676,1
2.132,1.365,1
2.778,10.098,1
2.820,1.482,1
2.411,2.343,1
1.104,1.353,1
2.273,1.769,1
2.451,3.775,1
2.148,2.923,-4
2.795,1.378,1
2.900,1.569,1
1.908,1.627,1
2.614,1.103,1
2.445,1.127,1
2.520,1.066,0
2.487,1.159,1
2.898,7.169,-4
1.411,14.670,-4
2.637,1.101,0
2.442,0.930,0
2.772,1.411,1
1.638,1.316,1
2.701,0.948,0
2.921,1.349,1
1.641,3.272,1
2.521,1.567,1
2.574,4.173,1
2.784,4.859,1
2.497,14.608,-4
2.030,1.570,1
2.780,2.280,0
2.822,1.329,1
2.346,1.402,0
2.833,9.682,-2
2.273,1.336,0
2.798,1.289,1
2.669,1.205,1
2.358,1.042,1
2.919,1.120,1
2.136,3.511,-4
2.336,1.517,1
2.143,1.703,1
2.638,0.972,0
2.693,1.176,1
1.926,1.728,1
2.415,1.744,1
2.862,1.989,1
2.341,6.710,-4
2.263,4.738,-4
3.169,2.266,1
2.727,7.711,-4
2.349,1.058,1
1.978,11.022,-4
2.678,4.528,-2
2.919,10.284,-2
1.906,1.524,1
2.860,1.697,1
2.254,1.324,1
2.524,1.161,0
2.785,7.261,-2
2.045,3.051,-2
2.372,5.286,-2
2.401,1.029,1
1.010,1.519,1
3.061,1.255,1
2.656,1.164,1
2.590,1.195,1
3.014,4.832,-2
1.275,5.626,-4
2.288,3.622,-4
1.592,1.702,1
2.647,3.095,0
2.724,7.095,-4
2.553,0.881,0
2.574,1.294,1
2.692,10.025,-4
2.132,4.877,0
2.600,1.370,1
2.693,1.206,1
2.337,0.915,1
2.957,1.216,0
2.267,4.982,1
2.388,1.699,1
1.870,1.401,1
2.846,1.928,0
1.812,1.770,0
2.721,9.966,-4
2.536,1.089,1
2.792,1.376,1
2.889,0.944,0
2.888,1.236,1
2.876,1.661,1
2.216,1.321,1
2.402,1.140,1
2.722,20.126,1
2.947,1.669,1
2.221,1.911,-4
2.954,1.157,1
2.798,6.102,-4
1.535,3.787,1
2.916,1.511,1
2.966,1.582,1
2.357,1.228,1
2.668,6.827,-2
2.585,1.591,1
2.108,5.841,0
2.214,1.172,1
2.697,1.421,0
1.765,5.322,-4
1.433,1.976,0
2.397,2.471,0
2.916,2.274,1
2.709,6.190,-2
2.293,0.922,0
2.578,1.195,0
1.829,2.930,0
2.020,1.111,1
2.844,5.475,-2
2.225,2.055,1
2.702,1.305,1
2.670,2.287,0
2.967,6.612,-2
2.203,1.046,0
2.623,1.049,1
2.077,3.888,-2
2.772,1.369,1
2.722,11.870,-2
2.253,1.058,0
2.169,1.220,1
2.896,1.102,0
2.718,3.437,-2
2.790,1.539,1
2.240,1.743,1
2.594,1.300,1
2.777,1.034,0
2.237,1.161,1
1.758,1.194,1
2.850,1.269,0
2.767,1.147,1
2.866,1.391,0
2.261,6.212,-4
2.194,1.283,1
2.620,1.360,1
2.799,1.270,1
2.134,1.562,1
2.434,1.640,1
2.960,2.108,1
1.639,2.196,1
2.498,14.113,1
2.724,1.218,1
2.912,9.873,-4
3.075,1.547,1
1.723,1.422,1
1.906,1.886,1
2.303,1.114,1
2.228,1.174,1
2.438,1.590,1
2.772,1.094,1
2.509,1.208,1
2.936,11.712,-4
2.308,2.304,1
2.300,9.353,-4
2.939,14.712,-2
2.266,1.225,1
2.956,6.790,-2
2.841,1.092,1
2.660,5.814,-2
2.392,1.368,1
2.653,5.982,-2
2.380,3.335,-2
2.720,3.626,0
2.227,2.523,-2
2.027,1.949,1
2.203,1.185,1
2.284,1.270,0
2.386,1.684,1
2.408,6.298,-2
2.621,0.885,0
2.704,4.425,-2
2.507,1.001,1
1.953,1.713,1
2.677,1.446,1
2.300,4.628,-2
2.673,1.633,1
2.417,1.917,1
2.910,1.480,1
2.147,1.827,1
2.656,0.840,0
2.846,6.438,-2
2.705,1.061,1
2.417,0.985,0
2.708,0.981,1
2.389,1.067,1
2.900,12.518,-4
2.347,1.456,1
2.459,1.217,0
2.898,7.337,-2
1.890,0.976,1
2.429,1.517,1
2.838,1.471,1
2.837,3.330,1
2.581,1.233,1
1.379,1.909,1
2.727,0.892,0
2.804,4.104,-2
2.331,6.532,-2
1.948,4.982,-4
1.992,1.430,1
2.788,1.077,1
1.857,4.203,1
2.368,0.879,0
2.757,1.143,0
2.434,1.402,1
2.900,1.898,0
2.110,8.939,-2
2.774,9.594,-2
2.704,1.286,1
2.672,1.050,0
2.587,1.432,1
2.789,1.127,1
1.850,3.593,1
2.225,5.894,-4
3.035,1.737,1
2.227,10.647,-4
2.379,1.148,1
2.642,3.907,0
2.847,11.593,-2
2.959,4.830,-2
2.321,0.953,0
2.793,1.062,1
2.804,3.195,1
2.881,4.431,-2
2.699,7.999,-2
2.669,0.739,0
2.499,1.062,1
2.178,2.581,-4
2.735,1.237,0
1.834,1.706,1
1.568,1.613,0
2.223,1.252,0
2.957,9.183,-2
2.455,5.873,-2
2.734,1.061,0
2.687,9.362,-4
2.494,1.443,1
2.934,1.223,1
2.581,1.383,1
1.169,1.891,1
2.236,1.144,1
2.951,1.735,1
2.207,1.253,1
2.779,7.528,-2
2.024,1.890,1
2.649,1.528,1
2.383,0.814,0
1.911,23.610,-3
2.764,1.165,1
2.744,1.142,1
2.263,1.002,0
2.220,0.953,0
2.760,5.351,-4
2.639,1.395,1
2.195,1.184,1
2.631,13.293,-2
2.274,4.819,-2
2.690,1.299,1
2.462,1.303,0
2.256,1.052,0
2.498,1.273,0
2.149,1.246,1
2.189,1.158,1
2.934,7.656,-4
2.658,1.255,1
2.795,18.587,-4
2.831,2.816,-2
2.192,1.519,1
2.814,1.286,0
2.238,10.370,-2
2.151,1.484,1
1.866,1.848,1
2.836,3.006,1
2.775,1.649,0
2.488,1.244,1
1.736,2.388,1
2.386,1.147,0
2.033,2.543,1
2.026,1.663,0
2.497,1.431,1
2.379,4.282,-4
2.198,1.369,0
2.488,1.162,1
2.285,1.301,1
2.763,5.634,-2
2.525,1.606,1
2.371,1.584,1
2.125,1.335,1
2.386,1.086,1
2.803,1.467,1
2.032,1.738,1
2.674,1.497,0
2.808,6.778,-2
2.491,1.151,0
2.233,2.259,1
2.845,2.502,1
2.327,1.253,1
2.551,1.316,1
2.245,2.840,-2
2.563,1.277,1
2.571,1.428,0
2.548,1.390,1
2.940,7.010,-2
2.882,0.911,1
1.507,2.397,1
2.555,1.284,1
2.042,1.314,1
2.469,1.477,1
2.730,1.080,1
3.078,2.202,0
2.697,2.044,1
2.814,1.261,1
2.582,1.046,0
2.180,0.922,0
2.615,1.719,1
2.870,1.050,0
2.663,7.151,-2
1.897,3.363,1
2.713,0.986,1
2.246,0.972,1
2.891,10.350,-2
2.206,1.577,1
2.441,3.924,-2
2.794,1.484,1
2.142,4.721,-2
2.570,5.457,-2
2.751,1.519,1
2.370,0.968,1
2.384,1.134,1
2.176,1.296,1
2.220,1.710,1
2.839,1.271,1
2.942,7.938,-4
2.716,4.465,-2
2.727,1.499,0
2.218,1.620,1
1.838,3.504,-4
2.857,6.627,-2
2.084,2.326,1
2.884,9.144,-2
2.779,1.275,1
2.477,1.540,1
2.410,1.346,1
2.328,1.260,1
3.071,1.957,1
2.355,1.546,1
2.217,1.347,1
2.680,1.872,1
2.338,1.371,1
2.809,4.615,0
2.744,1.427,1
2.757,7.985,-2
2.742,1.260,1
2.709,2.088,0
2.493,5.886,-4
2.492,3.946,-2
2.345,5.924,-4
2.377,1.476,0
2.412,1.293,1
2.291,1.095,1
2.277,1.210,0
2.952,4.785,-2
2.517,1.423,1
2.469,2.234,1
2.606,6.718,-2
2.378,2.705,1
2.178,1.847,1
2.566,1.258,0
2.316,3.786,-2
2.651,7.688,-4
2.260,1.209,0
2.725,1.067,1
2.274,1.659,1
2.605,3.420,1
2.798,1.042,0
2.726,1.348,1
2.198,6.755,-2
2.203,1.267,0
1.489,1.285,1
2.689,1.706,0
2.422,1.166,1
1.571,0.944,1
2.784,8.763,-2
2.749,1.022,1
2.283,6.380,-4
2.873,7.047,-2
2.161,2.833,0
2.215,1.396,1
2.807,1.100,1
2.703,2.160,1
1.963,1.971,0
2.751,1.094,0
2.739,1.288,1
2.563,1.839,1
2.659,8.990,-2
2.702,9.201,-2
2.628,1.302,1
3.035,1.365,1
2.821,3.032,-2
1.810,2.650,1
2.587,1.286,1
2.848,10.696,-4
2.114,1.990,1
2.232,4.175,-2
2.622,4.691,-4
2.414,4.614,1
2.634,3.560,-2
2.059,1.114,1
2.978,1.528,1
2.601,4.505,-4
2.414,1.295,1
2.799,2.366,1
2.899,1.017,1
1.478,1.238,0
2.310,1.351,1
2.246,2.128,1
2.273,1.228,0
2.103,1.230,1
2.809,4.502,0
2.421,2.050,1
2.784,6.054,-2
3.035,1.049,1
2.831,2.153,1
2.837,5.637,1
2.345,1.036,1
2.163,1.486,1
2.047,1.158,1
2.890,2.060,1
2.434,1.494,1
2.648,5.428,-2
2.837,10.006,-2
1.981,1.335,1
2.269,5.338,-2
2.745,9.199,-4
2.630,1.241,1
2.486,0.914,1
2.677,7.158,-2
2.387,1.042,1
1.490,1.332,1
2.670,1.339,0
1.860,2.060,1
2.521,1.205,1
2.887,11.025,-4
2.931,18.463,-2
2.821,16.284,-2
2.561,1.507,1
2.725,1.711,1
2.249,1.624,1
1.980,1.690,1
2.249,1.058,0
2.703,1.513,1
2.947,6.638,0
2.787,1.151,0
2.660,4.077,-2
2.749,9.853,-4
2.253,1.369,1
2.862,1.365,0
2.800,8.199,-2
2.682,1.372,1
2.213,1.354,1
2.444,0.880,0
2.513,0.874,0
2.818,1.293,1
2.195,1.765,1
2.590,1.017,1
2.279,3.256,-4
2.195,3.980,-2
2.218,1.523,0
2.962,1.320,1
2.412,0.729,0
2.545,1.234,0
2.853,5.256,-2
2.928,6.997,0
2.832,3.209,0
2.574,7.166,-2
1.851,3.240,1
2.199,1.545,1
2.144,1.842,1
2.688,1.530,0
2.917,3.134,-2
2.469,2.317,0
2.919,4.330,-2
2.112,6.604,-4
2.700,16.905,-4
2.479,1.060,1
2.185,1.542,0
2.081,3.779,-4
2.912,9.029,-2
2.636,1.170,0
2.290,1.567,1
2.801,1.095,1
2.398,1.235,1
2.139,1.047,0
2.663,5.426,-2
2.040,7.685,-2
2.507,4.940,-2
2.867,1.291,1
2.085,1.563,0
2.691,2.972,-2
1.920,1.433,0
2.326,0.917,0
1.771,1.119,1
2.323,0.972,0
2.057,2.742,-4
2.822,1.100,0
2.883,1.795,1
2.307,8.390,0
2.765,3.241,1
2.863,8.454,-2
2.712,0.949,0
2.280,0.998,0
2.326,4.799,-2
2.065,1.462,1
2.659,1.745,1
2.343,1.072,1
2.796,9.104,-2
2.571,1.948,1
2.833,1.183,1
2.890,1.930,1
2.948,6.241,-2
2.794,1.568,1
2.872,8.953,-2
2.089,0.866,1
2.207,1.248,1
2.256,1.046,1
2.608,14.888,-2
2.413,0.854,0
2.224,1.104,0
1.959,1.342,1
2.257,3.548,1
2.579,7.707,-2
2.784,1.612,0
2.536,1.065,1
1.998,1.313,1
2.942,1.454,0
2.909,1.168,0
2.723,1.046,0
2.699,1.197,1
2.717,1.966,1
2.147,1.044,0
2.184,1.913,0
2.128,1.325,0
2.688,4.869,-4
2.484,0.928,1
2.105,1.726,1
2.534,1.724,1
2.673,1.493,1
2.241,1.607,1
2.297,1.620,1
2.793,1.213,1
2.988,3.935,-2
2.209,1.073,0
1.840,1.542,1
2.635,1.786,1
2.816,5.292,-2
2.163,2.391,1
1.489,1.130,0
2.665,1.342,1
1.938,4.227,-4
1.764,2.064,1
2.238,0.843,1
2.544,2.858,-4
2.998,1.569,1
2.492,1.570,1
2.640,1.022,0
2.710,1.348,1
1.950,3.146,1
2.983,1.218,1
1.904,1.909,1
2.406,1.635,0
2.799,14.994,-2
2.101,1.373,1
2.899,9.845,-2
2.406,1.264,1
2.930,8.618,-2
1.954,2.479,1
2.443,1.442,0
2.773,2.198,1
2.283,2.403,0
2.412,2.801,1
1.688,1.753,1
2.846,11.750,-2
2.647,0.978,0
2.185,1.009,1
2.905,1.274,0
1.831,1.305,1
2.855,1.476,0
2.304,1.334,1
2.370,3.466,-2
1.991,1.426,1
1.946,1.396,1
2.665,0.916,1
2.886,8.222,1
2.524,1.822,0
1.932,1.482,0
2.493,7.031,-4
2.280,1.262,1
2.364,4.296,-4
2.990,6.066,-2
2.100,1.361,0
1.859,0.971,0
2.590,9.150,1
2.727,1.211,0
2.152,1.469,1
2.661,9.606,-2
2.625,1.172,1
2.856,5.783,-2
2.026,1.407,1
2.261,1.843,1
2.590,6.385,-4
2.827,1.375,1
2.952,1.468,1
2.597,6.367,-2
1.824,1.455,0
2.498,4.108,-2
1.905,1.788,1
2.510,1.934,1
2.634,1.627,0
1.686,1.424,0
1.944,1.660,0
1.721,1.418,0
2.656,5.058,-2
2.660,0.978,0
2.903,1.129,1
2.388,1.319,1
2.388,0.997,1
1.890,1.347,0
2.968,1.126,1
2.898,3.607,0
2.893,0.981,1
1.846,1.344,0
2.904,8.168,-2
2.215,5.275,-2
1.687,3.954,1
1.864,2.206,1
2.821,1.200,1
1.976,1.266,0
2.399,1.614,1
2.650,2.267,1
2.389,0.989,1
2.703,17.409,-2
2.543,1.556,1
2.377,1.196,1
2.242,3.137,1
2.285,0.941,0
2.940,1.240,1
2.692,1.180,0
2.763,1.448,1
2.793,1.263,1
2.234,1.359,1
3.029,1.122,0
2.614,1.749,1
2.943,1.771,1
2.623,1.323,0
2.375,1.117,1
2.391,1.157,0
2.291,1.123,1
2.470,4.786,1
1.968,1.821,1
2.536,0.965,0
2.707,1.226,0
2.762,1.520,1
2.532,4.012,-2
2.359,1.474,1
2.758,1.137,1
2.335,1.446,1
2.325,1.381,1
2.122,1.127,0
3.059,2.326,1
2.586,5.576,-2
2.624,1.115,1
2.842,7.571,-2
2.288,1.492,1
2.293,1.028,1
2.947,1.141,1
2.956,1.702,1
2.752,4.606,-2
2.749,1.316,1
2.273,1.658,1
2.511,5.352,-2
2.759,1.823,1
2.693,1.387,1
2.730,7.367,-2
2.356,5.517,0
2.300,1.405,0
2.028,2.611,-4
2.736,11.194,-2
2.336,1.347,1
2.150,1.503,0
2.857,1.952,1
1.504,2.947,1
2.607,2.013,1
2.446,3.479,0
2.044,1.428,1
2.190,1.519,1
2.369,1.015,0
2.679,1.176,1
2.113,1.177,1
2.188,3.050,1
2.659,20.415,-4
2.450,3.406,-2
2.544,7.171,-4
2.044,1.287,0
2.232,0.911,0
2.573,2.707,1
2.615,1.020,0
2.286,1.362,0
2.824,3.507,-2
2.715,1.012,0
2.484,1.833,1
2.422,1.158,0
2.954,1.805,0
2.866,1.326,1
2.468,1.341,1
2.163,1.393,0
2.480,1.102,1
2.961,6.990,-2
2.430,5.927,-2
2.376,1.437,1
2.082,10.866,-4
2.677,7.245,-2
2.616,1.174,1
2.921,4.976,-2
1.972,1.131,0
2.291,1.614,1
2.319,0.941,1
2.919,1.564,1
2.120,1.394,1
1.931,1.930,1
2.364,4.051,-4
2.744,1.203,1
2.657,1.928,1
2.488,1.064,1
2.365,0.898,0
1.855,2.738,1
2.683,1.304,1
2.777,1.442,0
2.560,1.287,1
2.551,1.557,1
2.562,1.799,1
2.642,5.699,-2
2.044,1.161,1
1.996,26.901,-3
2.258,1.168,0
2.446,1.130,1
2.877,13.188,-2
1.747,5.768,-4
2.372,1.178,1
2.642,1.497,0
2.172,1.644,0
2.118,1.487,1
2.893,2.205,1
2.655,4.770,-2
2.324,2.284,1
2.858,1.300,1
2.190,2.984,-4
2.183,1.732,1
2.821,5.651,-4
2.817,4.793,1
2.568,1.162,1
2.557,1.178,1
2.299,1.130,1
2.735,1.110,1
2.525,13.310,-2
2.844,0.951,1
2.252,2.925,1
2.365,1.145,1
2.913,9.967,-2
2.792,2.825,1
2.358,0.904,1
1.968,7.578,-2
2.585,11.643,-4
1.324,2.114,1
2.928,6.354,-2
2.254,1.391,1
2.523,4.296,0
2.189,1.047,1
2.910,4.332,-2
2.932,24.443,-2
2.747,1.641,1
2.846,1.323,1
2.583,1.229,1
2.256,3.344,1
2.783,9.135,-2
2.610,0.984,0
2.371,1.118,0
2.678,0.994,0
2.737,1.180,1
1.872,1.902,0
2.880,1.136,1
2.281,1.267,1
3.140,1.499,0
2.816,1.084,1
2.069,1.056,1
2.966,10.848,-2
2.402,1.876,1
2.795,16.109,-2
2.772,1.297,1
2.843,1.334,1
2.082,3.840,-2
2.565,3.024,0
2.769,5.548,0
2.520,1.372,1
2.257,1.725,1
2.355,0.920,0
2.632,1.112,1
2.404,1.074,1
2.911,1.419,1
2.710,1.138,0
2.440,1.240,1
2.563,1.313,1
2.770,2.674,1
2.265,1.028,0
2.443,1.378,1
2.440,1.199,0
2.630,1.303,1
2.571,1.619,1
2.882,3.956,-4
2.693,7.835,1
2.892,6.239,-2
2.389,5.312,-2
2.286,1.177,0
2.072,1.879,1
2.908,7.989,-4
2.933,1.460,1
2.884,4.992,-2
2.786,1.125,1
2.727,2.224,0
2.874,2.010,1
2.829,7.933,-4
2.257,1.330,0
2.247,1.638,1
2.113,2.135,1
2.353,1.436,1
2.984,4.872,-2
2.536,0.837,1
2.512,1.091,0
2.903,2.301,0
2.294,1.650,1
2.616,1.383,0
2.470,1.184,1
2.466,1.401,1
2.247,0.963,1
2.881,9.450,-4
2.544,6.370,-4
2.430,1.357,1
2.969,23.693,-3
2.820,7.957,-2
2.861,1.159,1
2.445,1.300,1
2.285,0.927,1
2.427,1.331,1
2.932,1.641,1
2.173,1.672,1
2.647,1.404,1
2.682,6.515,-2
1.443,1.031,1
2.938,1.315,1
1.666,1.135,0
2.730,1.098,0
2.887,1.121,1
2.483,1.694,0
2.397,1.328,1
2.897,1.767,1
2.261,1.415,1
2.746,1.449,1
2.510,7.355,-2
1.871,1.477,1
2.456,1.423,1
1.893,1.893,1
2.779,1.426,1
2.262,0.992,0
2.456,1.337,1
2.260,1.060,0
2.722,8.841,-2
2.834,1.027,1
2.843,10.773,-2
2.672,7.073,1
1.826,1.587,1
1.929,1.291,0
2.679,1.058,0
2.615,1.596,1
2.361,0.922,0
2.915,1.555,1
2.634,11.258,-2
2.535,1.090,1
2.313,6.450,-2
2.288,1.236,0
2.797,0.944,0
2.572,1.500,1
1.883,7.915,-4
2.232,1.616,0
2.942,1.312,1
2.300,1.370,0
2.922,9.369,-2
2.974,1.985,0
2.302,1.266,1
2.732,21.755,-3
2.271,1.267,1
2.535,23.328,-3
0.935,0.938,0
2.144,1.147,1
2.066,1.247,1
2.210,0.846,0
2.790,4.963,-2
2.482,1.098,1
2.796,9.055,-4
2.751,1.074,1
2.804,8.688,-2
2.918,1.695,1
2.605,1.196,1
2.806,1.466,1
2.929,12.690,-2
2.000,1.973,0
2.282,6.167,-4
2.795,1.463,1
2.595,1.775,1
2.799,4.443,-2
1.538,2.189,1
2.700,1.212,1
2.743,1.438,1
2.767,9.916,-4
2.631,18.167,0
2.919,2.087,1
2.505,1.063,1
3.005,1.986,1
2.899,6.224,-2
2.587,4.484,0
2.629,6.873,-2
2.522,7.030,-2
2.748,0.842,0
3.107,1.422,0
2.637,4.816,-2
2.763,4.702,-2
3.012,1.660,1
2.670,0.836,0
3.042,9.026,-2
2.619,4.725,-2
2.442,1.926,1
2.660,1.033,0
2.614,1.280,1
2.829,6.243,-2
2.320,1.367,1
2.517,1.613,1
2.589,1.123,0
2.971,1.069,0
2.254,1.050,1
2.049,1.100,1
2.895,5.764,-2
2.584,1.240,1
2.190,1.438,1
2.642,8.311,-2
2.611,1.076,1
2.547,0.981,1
2.866,8.547,-2
2.484,0.844,0
2.840,3.006,-2
2.308,1.117,1
2.349,1.880,0
2.464,1.690,1
2.911,6.789,-2
2.684,0.984,1
2.621,1.103,1
2.970,0.860,0
2.082,2.051,1
2.386,0.786,0
2.491,12.231,-2
2.575,2.082,1
2.569,1.724,1
2.196,1.058,1
2.370,1.493,1
2.038,1.294,0
2.657,2.652,1
2.966,5.045,1
2.714,1.373,1
3.005,0.970,0
2.684,2.470,1
2.266,0.968,0
2.844,1.778,1
2.368,0.949,1
2.172,10.898,-4
2.541,4.652,-4
2.862,3.387,-2
2.249,7.608,-2
2.385,1.105,1
2.652,4.526,-2
1.833,1.206,0
2.290,1.206,0
2.682,1.585,1
2.353,1.396,1
2.433,1.360,0
2.694,1.248,1
2.868,7.541,-2
2.835,1.263,1
2.611,0.918,0
2.861,7.881,-2
2.646,1.268,1
2.112,4.638,-2
2.674,0.914,0
2.721,1.187,1
2.284,1.861,1
1.652,1.918,1
1.983,1.382,0
3.093,1.214,0
2.265,4.284,-4
2.500,1.446,1
2.623,3.148,0
2.367,1.227,1
2.615,6.001,-2
2.301,1.768,1
2.868,1.191,0
2.901,2.184,1
2.763,8.324,-4
2.758,1.147,1
1.327,1.799,1
2.772,6.596,-2
2.565,1.387,1
2.442,3.328,-2
2.609,1.291,1
2.930,12.243,-2
2.280,1.356,1
2.620,1.112,0
2.342,1.016,1
2.671,0.958,1
1.862,2.417,-4
2.489,5.867,-2
2.638,0.946,0
2.684,1.213,1
2.918,2.589,1
1.794,1.330,0
2.186,1.001,0
2.322,9.445,-2
2.143,1.909,1
1.205,1.006,1
2.574,1.434,1
2.648,2.356,1
2.568,11.317,-2
2.385,0.978,0
2.548,7.093,-2
3.188,3.759,-2
1.833,1.150,0
2.757,1.674,1
2.238,4.010,-4
2.665,4.703,-2
2.279,1.130,1
2.536,3.454,-2
2.276,1.598,1
2.250,1.486,1
2.977,6.487,-2
1.789,1.300,1
2.127,6.496,-2
1.885,1.421,0
2.640,6.112,0
2.505,1.042,1
2.456,6.353,-2
2.774,5.121,-2
2.725,4.749,-2
1.724,1.621,1
2.165,1.115,1
2.795,1.005,1
2.583,1.568,1
2.536,0.901,0
2.750,1.258,0
2.869,4.843,-2
2.163,1.259,1
2.947,6.263,-2
2.226,2.078,0
2.803,3.668,-2
2.634,5.279,-4
2.383,3.049,-2
2.155,1.138,1
2.849,1.761,0
2.759,1.509,1
1.536,1.313,1
2.582,6.574,-4
2.074,1.366,1
2.221,0.948,0
2.671,11.525,-2
2.227,1.362,1
2.394,0.848,0
2.402,2.197,1
2.506,10.200,-2
2.611,10.039,-2
2.192,2.995,-2
1.978,2.944,1
2.448,7.064,-2
2.356,1.080,1
2.783,1.479,1
2.152,1.948,1
2.790,1.337,1
2.332,1.174,1
2.900,3.700,0
2.917,1.263,1
2.483,1.080,1
3.123,14.562,-2
2.552,1.551,1
1.539,1.334,1
2.663,2.649,1
2.346,4.654,-2
2.614,1.729,0
2.542,1.566,1
2.059,1.832,1
2.171,1.107,0
2.642,1.458,1
2.241,2.019,0
2.715,1.775,1
2.509,4.172,-2
1.999,1.435,1
2.222,1.568,1
2.437,6.687,-2
2.505,0.938,0
2.731,7.863,-2
2.834,1.207,1
2.706,1.111,1
2.532,1.169,1
2.518,1.954,1
2.892,1.904,1
2.362,5.950,-2
2.026,1.367,1
2.408,1.329,1
2.912,6.101,-2
2.164,17.358,-3
2.781,3.691,1
1.939,1.943,1
2.450,0.795,0
2.766,4.665,-2
2.886,1.036,1
2.731,1.056,0
2.364,1.781,0
2.549,1.137,0
2.987,11.382,-2
2.588,5.792,-2
1.991,1.433,0
2.443,1.332,1
2.418,1.038,0
2.411,1.286,1
2.756,6.051,-2
2.518,8.079,-2
2.788,4.130,-4
3.009,2.545,-2
2.237,1.430,1
2.473,1.189,1
2.343,8.091,-4
2.179,1.204,0
2.372,2.769,-4
2.439,7.157,-4
2.976,1.029,0
2.651,1.831,1
2.075,1.499,1
2.583,1.212,1
2.775,6.637,-2
2.564,5.964,-2
3.050,1.914,1
2.062,1.203,0
3.041,1.893,1
2.235,0.983,1
2.680,1.087,1
2.263,0.964,0
3.129,1.561,1
2.643,4.593,-2
2.613,1.037,0
1.641,1.855,1
2.941,9.787,-2
1.870,2.516,-4
2.523,5.967,0
2.254,1.058,0
2.224,1.129,1
2.120,5.686,-4
2.599,7.619,-4
2.495,1.414,1
2.098,1.456,0
2.829,1.107,1
2.692,1.434,1
2.600,1.161,1
1.606,4.008,-2
2.022,1.472,1
2.227,1.089,1
2.606,1.730,1
2.777,1.778,1
2.746,2.479,-2
2.404,1.488,0
1.848,1.664,1
1.526,1.855,1
2.891,1.720,1
2.240,1.282,1
1.754,6.748,-4
1.796,2.556,1
2.647,3.828,-2
1.500,2.053,1
2.398,1.217,1
2.543,1.051,0
1.490,1.425,1
1.935,1.033,0
2.342,1.585,0
2.017,2.628,1
2.412,1.479,1
1.935,1.722,1
2.626,1.642,1
2.673,12.513,-2
2.675,1.152,1
2.321,1.113,1
2.530,1.413,1
2.167,1.377,1
2.542,1.316,1
2.373,1.627,0
2.678,1.628,1
2.816,0.980,0
2.837,5.514,1
2.003,2.155,1
2.992,12.555,-2
2.357,6.817,-2
2.856,3.152,1
2.787,1.246,0
2.656,2.243,-2
2.588,4.686,-2
1.727,0.819,0
2.221,1.311,1
2.177,1.623,1
2.788,1.016,1
2.540,1.235,1
1.526,1.257,0
2.844,1.386,1
2.773,2.424,0
2.087,8.867,-4
2.683,1.230,1
2.227,3.671,-4
2.338,2.781,1
2.949,9.001,-2
1.855,1.735,1
2.292,1.128,0
2.700,1.325,1
1.494,1.520,0
2.172,1.416,0
2.097,2.311,1
2.294,2.510,-4
2.221,1.467,0
1.964,1.225,0
2.293,4.037,-4
2.814,1.640,1
2.745,6.852,-4
2.679,3.583,-2
2.451,3.344,1
2.785,1.885,1
2.690,2.450,0
2.988,1.253,0
2.396,1.140,0
2.864,10.449,-2
3.062,2.450,1
2.528,1.064,0
2.271,1.513,1
2.419,4.263,-4
1.961,1.546,1
2.974,1.725,1
2.480,1.293,1
2.733,1.501,0
2.285,1.025,0
3.077,2.040,1
2.887,18.974,-2
3.133,1.354,0
2.794,5.459,-4
2.217,1.332,1
1.763,1.028,1
2.655,1.195,1
2.605,20.315,-3
2.782,5.428,-2
2.236,1.167,1
2.234,1.794,1
2.454,0.903,1
2.294,1.413,1
2.810,9.871,1
2.490,1.129,1
2.169,1.122,0
2.191,0.910,0
1.938,1.298,0
2.452,1.099,1
2.110,1.022,0
2.070,2.033,1
2.827,8.398,-2
2.477,0.951,1
2.406,1.560,1
2.005,1.524,1
2.262,1.047,1
2.887,1.127,0
2.656,1.154,1
2.729,21.744,-3
2.767,4.659,-2
2.518,1.417,1
2.754,2.485,1
2.640,7.511,-2
2.503,3.670,-2
1.975,1.188,1
2.761,1.535,1
2.287,7.034,-4
2.197,1.787,1
2.469,9.853,-2
2.216,1.659,1
3.055,2.613,1
2.648,2.617,-4
2.674,11.463,-2
2.750,4.056,-2
2.867,1.742,1
2.500,9.647,-2
2.181,1.308,0
2.326,1.149,1
2.651,21.208,-3
2.705,8.988,0
2.163,1.230,1
3.104,3.347,1
2.322,1.569,0
2.148,3.530,-4
2.475,1.304,1
2.663,1.225,1
2.093,6.998,-4
1.425,2.145,1
2.127,1.549,1
2.608,6.435,-2
2.403,1.523,1
2.815,1.405,1
2.093,1.509,1
2.965,3.639,-2
2.672,2.421,0
2.524,3.443,-2
2.581,1.208,1
1.739,1.183,1
2.326,1.465,1
2.007,1.519,1
2.671,7.211,-2
2.402,4.443,-4
2.376,1.203,1
2.680,6.440,-2
2.806,6.936,-2
2.251,3.136,0
2.617,1.096,1
2.868,1.666,1
2.613,5.638,-2
1.938,1.540,1
1.482,2.097,1
2.965,7.099,-2
2.148,2.012,1
2.241,1.059,1
2.006,8.853,0
2.965,1.274,1
2.156,1.783,1
2.976,5.946,-2
2.862,1.430,1
2.445,1.116,1
2.826,1.420,1
2.589,1.302,0
2.959,5.270,0
2.790,4.777,-2
2.672,1.547,1
2.373,1.097,1
2.197,0.981,0
2.700,2.032,1
2.295,1.127,1
3.146,1.575,1
2.482,6.945,1
2.353,1.704,1
2.412,6.033,-2
2.358,4.208,-4
2.628,1.200,1
2.375,1.588,1
2.423,1.601,1
3.107,1.676,1
2.368,1.171,0
2.281,1.248,1
2.799,5.533,-2
2.231,1.071,0
2.700,0.964,0
2.677,1.171,1
2.870,1.556,1
2.612,1.515,1
2.772,1.174,1
2.350,1.837,1
2.654,1.054,1
2.721,1.351,0
2.571,1.047,0
2.547,1.079,1
2.924,1.123,1
2.809,1.010,1
2.648,1.066,0
2.921,8.627,-2
1.829,1.811,1
2.792,12.424,-2
2.810,1.611,0
2.393,3.440,-4
2.528,1.278,0
1.896,1.638,1
2.694,11.721,-2
2.540,11.057,-2
2.914,1.110,0
1.389,1.355,1
2.511,1.256,1
1.952,2.034,1
2.917,7.049,-2
2.747,1.139,1
1.730,6.891,-4
2.714,10.172,-2
2.390,7.869,-2
3.055,1.503,1
2.971,4.175,1
2.568,1.037,1
2.458,1.747,1
2.440,3.533,-4
2.882,2.092,0
2.630,1.010,0
2.787,14.872,-2
2.914,2.018,1
2.919,1.102,1
2.865,8.290,-2
2.221,2.195,1
2.855,1.240,1
2.103,2.526,0
2.553,9.137,-2
1.423,0.932,0
2.488,4.081,-4
2.969,4.932,-2
2.514,24.269,-3
2.344,1.536,1
2.089,8.123,-2
2.719,1.240,1
1.916,1.241,0
2.319,21.583,-3
2.134,0.862,1
2.991,8.265,-2
2.185,1.181,0
2.265,1.523,1
2.699,8.335,-2
2.130,1.029,1
2.839,1.388,1
2.242,1.122,1
2.484,1.464,1
3.001,10.497,-2
2.473,1.411,0
2.544,7.509,-2
2.115,7.982,-2
2.592,1.976,0
2.512,1.229,1
2.754,1.225,1
1.565,1.621,0
2.671,1.470,1
2.745,10.894,-2
2.849,1.250,0
1.841,3.309,1
1.930,2.460,-4
2.687,1.014,0
2.201,1.082,0
2.703,5.113,-2
2.321,1.354,0
1.968,1.280,0
2.392,1.318,0
2.356,1.568,0
2.461,1.125,0
2.484,0.794,0
1.864,1.167,1
2.506,1.544,1
1.543,1.386,1
2.822,3.651,-2
2.248,1.401,0
2.543,5.484,1
2.809,1.702,1
1.932,5.237,-2
2.854,1.824,0
2.309,2.616,-2
1.924,0.883,1
2.547,1.197,1
2.311,10.403,0
2.505,1.329,1
2.880,15.929,-2
2.230,0.930,1
2.780,1.440,1
2.565,1.465,1
2.404,1.808,1
2.608,1.178,0
2.776,2.050,1
2.802,2.795,-4
1.545,5.524,0
2.607,3.963,-2
2.042,1.640,1
2.454,4.054,0
2.841,1.290,0
2.391,1.174,1
2.218,1.991,1
2.379,1.534,1
1.449,5.490,1
2.924,14.758,-2
2.867,7.925,-2
2.986,7.797,-2
2.936,25.258,-3
2.654,1.042,1
2.677,5.085,-2
2.638,1.318,0
2.557,1.320,1
2.291,1.490,1
2.288,1.124,1
3.002,2.553,1
2.692,4.345,-2
2.493,1.771,1
2.782,3.494,1
2.215,2.217,1
2.953,1.097,1
2.765,0.904,0
2.349,1.440,1
2.452,2.042,1
2.680,2.298,1
2.973,10.763,-2
2.878,1.205,1
2.493,1.189,1
2.855,0.963,0
2.340,1.452,1
2.871,6.445,1
2.708,3.382,-2
2.922,2.943,-4
2.254,0.900,0
2.732,3.536,1
2.898,0.988,0
2.873,1.526,1
2.645,11.518,-2
2.436,1.446,1
2.753,6.167,-2
2.020,3.584,-4
3.039,1.273,1
3.041,1.178,1
2.543,1.423,1
2.629,1.116,1
2.339,1.437,0
2.105,1.006,0
2.270,1.307,1
2.426,1.112,1
2.133,1.584,1
2.728,1.235,1
2.911,1.232,0
2.958,13.491,-2
2.273,2.240,1
2.197,1.159,0
1.674,4.051,-4
2.732,1.776,1
2.895,6.253,-2
2.696,7.248,-2
2.320,1.621,1
2.301,1.143,1
2.807,3.328,1
2.411,1.261,1
2.840,4.561,-2
2.809,1.313,1
1.920,4.437,-4
2.040,1.359,1
2.911,1.271,0
2.940,8.541,-2
2.864,1.561,1
2.819,1.556,1
2.845,8.210,-4
2.340,1.292,1
2.400,4.563,-4
2.382,3.671,0
2.913,3.506,-2
2.872,12.134,-4
2.737,1.155,1
2.874,7.285,-2
2.496,1.049,0
2.928,9.402,-2
2.879,1.021,1
2.200,1.028,0
2.532,1.219,1
2.806,12.056,-2
1.237,1.423,0
2.747,1.527,1
2.378,1.068,1
2.310,1.336,1
2.675,1.538,1
2.950,1.395,0
2.880,6.191,-2
2.896,1.334,1
2.925,1.349,1
2.916,1.203,0
2.927,5.123,-2
2.863,9.384,-2
2.900,2.206,1
2.667,2.525,1
2.674,1.388,1
3.137,1.730,1
2.769,13.615,1
2.414,1.196,1
2.773,7.169,-2
2.615,1.279,1
2.849,1.246,1
2.213,1.810,1
2.523,1.581,1
2.917,1.517,0
2.546,1.233,1
2.392,1.108,1
2.790,1.201,1
1.771,2.180,1
2.440,3.435,-4
2.654,6.046,-2
2.640,2.954,-2
2.201,1.599,0
2.689,6.859,-2
2.963,6.968,-2
2.837,4.120,-2
2.677,1.301,1
2.615,7.551,-2
2.978,1.192,0
2.674,1.298,1
2.160,1.036,0
2.660,4.990,-2
2.592,1.042,0
2.914,1.287,1
2.530,1.433,1
1.575,1.493,1
2.771,1.037,0
2.619,4.263,-4
2.780,1.536,1
2.309,3.399,1
2.446,1.310,1
2.725,5.848,-2
2.096,7.787,-2
2.798,6.138,1
2.513,4.151,-2
2.690,1.173,1
2.272,1.685,1
2.561,1.005,1
2.548,1.257,0
2.772,11.159,1
2.699,5.753,-2
2.668,1.227,1
2.207,2.083,1
3.151,1.369,1
2.537,2.401,1
2.468,1.329,1
1.457,3.894,1
2.883,8.725,-2
2.649,5.656,-2
2.821,6.962,-4
1.292,5.065,0
2.205,0.937,0
2.975,12.095,-2
2.939,4.559,1
1.206,1.651,1
1.541,2.490,1
2.674,3.324,-2
2.446,1.090,1
2.126,0.949,0
2.664,1.997,1
2.171,1.464,1
2.434,14.489,-2
2.741,1.684,1
2.461,1.258,1
2.634,1.274,1
3.056,1.184,1
2.244,0.891,0
2.585,6.926,-4
2.490,1.405,1
2.712,1.091,1
1.856,1.461,0
2.177,1.824,1
2.258,1.185,1
2.879,5.669,-2
2.600,0.967,0
2.892,7.745,-2
2.976,6.507,-4
2.351,1.236,1
2.179,1.296,1
2.238,5.700,-2
1.402,4.411,-4
2.120,0.983,1
2.299,1.834,1
2.953,15.432,-2
2.432,1.382,1
1.888,1.119,1
2.987,1.997,1
2.666,0.883,0
2.326,1.326,1
2.432,1.314,1
2.584,8.390,-2
2.511,7.553,1
2.906,1.273,0
2.960,4.947,-2
2.845,3.363,1
2.696,1.179,1
2.465,1.468,1
2.933,16.407,-2
2.895,6.494,-2
2.535,9.661,-4
2.033,1.726,1
2.746,1.577,1
2.239,1.352,1
2.469,1.733,0
2.424,1.214,0
2.480,1.225,1
2.186,1.579,1
2.776,4.920,1
2.289,1.368,0
1.856,3.951,0
2.782,6.396,-2
2.728,5.670,-2
2.291,1.919,1
2.718,1.053,1
3.099,1.745,0
2.901,1.254,1
2.249,1.260,1
3.012,3.377,-2
1.713,1.439,1
2.901,12.724,-4
2.641,1.242,0
2.423,7.801,-2
2.562,19.901,-3
2.638,1.239,0
1.636,0.885,1
2.727,4.229,-2
2.080,1.666,1
2.450,1.166,1
2.650,1.231,0
2.695,1.551,1
2.834,1.440,1
2.158,1.662,1
2.047,2.268,1
2.826,1.218,1
2.522,1.200,1
2.070,1.080,0
2.748,1.747,1
2.992,10.191,-2
2.806,5.022,-4
2.738,1.133,1
2.369,1.111,1
2.747,1.718,0
2.640,14.842,-2
2.969,1.190,1
2.801,1.627,1
2.277,1.288,1
1.756,1.222,0
2.631,1.500,0
2.287,1.726,1
2.931,10.415,-2
2.265,1.234,0
2.330,0.963,0
2.526,1.619,1
2.476,5.343,-2
2.955,1.309,1
2.613,4.068,-4
2.309,2.880,-4
1.903,1.765,1
2.473,1.001,0
2.145,2.166,1
2.882,13.995,1
2.442,1.102,0
2.441,1.494,1
2.970,1.756,1
2.440,1.434,1
2.406,25.345,1
2.253,1.538,1
2.846,1.839,0
2.709,1.034,1
2.076,0.917,0
2.917,1.222,1
2.487,1.786,0
1.882,1.528,1
2.820,0.858,0
2.205,1.328,1
2.155,1.456,1
2.214,0.900,0
2.691,1.265,1
2.634,0.972,0
1.749,1.532,1
2.717,1.411,1
2.238,2.674,-4
2.484,2.140,1
2.786,1.182,1
2.492,1.166,1
2.921,9.671,-2
2.365,1.245,0
2.426,5.355,-4
2.919,7.768,-2
2.651,1.262,1
2.605,1.298,0
2.178,1.295,1
2.954,1.203,0
2.152,1.322,0
1.861,1.359,1
2.855,13.364,-2
2.175,3.606,-4
2.661,1.334,1
2.855,1.096,0
2.432,1.159,0
2.507,1.046,1
2.908,7.991,-2
2.786,4.713,1
1.912,1.065,1
2.599,1.133,1
2.176,1.735,1
2.863,1.618,1
2.452,3.924,0
2.439,1.534,1
2.250,0.920,0
2.701,17.503,-2
2.838,1.305,1
2.394,1.270,1
1.888,18.153,-3
2.823,2.723,1
2.703,1.027,0
2.779,1.287,1
2.777,6.174,-2
3.035,1.265,1
1.833,2.372,1
2.810,0.832,0
2.812,4.920,1
2.695,3.130,-2
3.062,21.599,-3
3.043,8.356,-2
2.606,1.016,1
2.841,4.765,1
2.639,1.147,1
2.856,4.671,-2
1.607,1.620,1
2.575,0.931,0
2.243,8.788,-2
1.794,1.280,0
2.462,0.954,1
2.491,1.180,1
2.102,1.934,1
2.639,1.114,1
2.044,1.103,1
2.512,1.014,0
2.549,1.314,1
2.494,1.124,1
2.821,1.440,0
2.272,1.846,0
2.024,8.121,-2
2.222,1.364,1
2.364,1.579,0
2.664,5.711,-2
2.389,1.501,1
2.718,1.148,0
1.832,4.318,-4
2.295,0.895,1
2.594,5.818,-2
2.507,1.572,1
2.760,1.209,1
2.340,8.990,-4
2.861,1.424,0
2.883,1.183,1
2.683,1.365,1
2.584,1.175,1
2.733,1.271,1
0.900,1.867,1
2.181,3.304,-4
2.749,12.017,-2
2.233,1.499,1
2.141,1.337,1
2.798,1.389,1
2.249,1.187,1
2.381,6.863,-4
2.226,1.005,1
2.865,1.214,1
2.558,0.957,0
2.689,7.585,-2
2.189,1.275,1
2.871,1.700,1
2.882,3.772,-2
2.510,1.403,1
2.401,1.046,0
2.103,1.174,1
1.468,1.938,-4
2.552,1.248,0
2.657,1.554,1
2.687,3.727,-2
2.436,0.966,0
2.572,2.942,-4
2.562,1.571,0
2.667,1.106,0
2.376,10.293,-2
2.023,1.163,1
2.494,1.332,1
2.448,13.254,-4
2.684,1.616,1
2.686,3.978,-2
2.091,1.885,1
1.475,1.255,1
2.662,1.316,0
2.510,1.785,1
2.449,1.029,1
2.904,1.003,1
2.569,6.320,-2
2.974,12.186,-2
2.756,1.853,1
2.092,1.278,0
2.182,1.152,0
2.116,3.943,-4
2.689,1.411,1
2.290,1.336,0
2.231,1.382,0
2.716,1.347,1
2.103,2.197,1
2.867,4.077,-4
2.266,6.069,-2
2.289,3.201,-2
2.648,3.055,1
3.128,5.414,-2
2.700,4.283,-2
2.694,1.157,0
2.531,10.449,-2
2.950,8.802,-2
2.804,1.002,0
2.665,8.474,-2
2.422,5.764,-4
2.221,1.650,1
2.405,1.491,1
2.480,1.289,1
2.673,1.653,1
3.040,1.541,1
2.550,1.392,1
2.555,6.889,-2
2.455,1.617,0
2.474,3.890,-4
2.697,3.917,-2
1.860,1.809,1
2.307,1.066,0
2.848,4.585,-2
2.136,1.451,1
2.953,2.023,1
2.795,4.616,-2
2.782,0.984,1
2.826,1.328,0
2.148,0.998,1
2.267,1.669,1
2.204,4.775,-2
2.675,1.141,0
1.483,1.464,1
2.237,1.358,0
2.500,1.233,1
2.579,1.346,1
3.088,18.333,-4
2.237,5.961,-4
2.873,1.888,1
2.292,1.516,1
2.739,5.240,0
2.559,1.080,1
2.871,6.266,0
2.723,1.224,1
2.746,1.045,0
2.280,1.178,1
2.912,20.448,-3
2.153,1.479,1
2.885,1.228,1
2.435,4.497,-4
2.652,1.483,1
2.487,1.267,1
2.571,0.957,1
2.436,1.592,1
2.410,1.115,0
2.018,7.318,-2
2.761,1.286,1
2.540,4.306,-2
2.230,1.084,1
2.117,1.279,0
2.246,1.945,1
2.906,7.974,-2
2.679,0.916,0
2.135,1.516,1
2.644,1.153,1
2.693,8.250,-2
1.768,0.960,0
2.111,1.165,0
2.875,2.613,1
2.835,10.471,-4
2.478,0.810,0
2.186,1.048,1
2.409,23.606,-3
2.494,1.214,1
2.019,0.893,0
2.733,1.125,0
2.712,0.938,0
2.199,1.322,1
1.913,1.325,0
2.122,1.259,0
2.071,1.629,1
2.440,1.525,1
2.862,3.000,1
2.709,1.327,1
2.588,1.873,1
2.247,0.961,0
2.525,1.047,1
2.927,1.510,1
2.540,2.002,1
2.522,1.319,1
2.284,3.470,-4
1.933,1.163,1
2.195,1.606,1
2.782,1.610,1
2.512,0.862,0
2.722,1.631,1
2.913,1.658,1
2.761,3.937,-2
2.604,1.014,0
2.659,1.236,1
2.421,1.016,1
2.657,1.075,1
2.337,1.162,0
2.472,1.393,1
2.308,1.347,0
2.512,1.587,1
2.357,1.412,1
2.233,0.872,0
3.027,1.596,1
2.455,1.439,1
2.536,1.234,1
2.627,1.665,1
2.791,1.220,1
2.892,5.724,-4
2.741,1.175,1
2.064,5.569,-2
2.493,1.042,1
2.535,0.792,0
2.690,1.201,0
2.567,6.945,1
2.628,1.087,1
2.532,8.246,-4
2.984,10.674,-2
2.554,1.340,1
1.719,1.549,1
2.139,1.166,1
2.960,10.054,0
2.020,4.628,-4
2.224,1.362,1
1.830,6.407,-4
2.702,1.208,1
2.316,1.099,1
1.796,2.488,-4
2.413,5.121,-2
2.697,1.065,1
2.802,4.667,-2
2.222,4.676,-2
2.231,4.135,-2
2.648,1.239,1
1.733,2.653,1
2.605,4.159,-2
2.725,0.911,0
2.882,2.095,1
2.444,1.146,1
2.175,1.191,0
2.384,0.855,0
2.529,1.423,1
2.701,2.196,1
2.221,9.015,-2
2.208,1.014,1
2.832,1.434,0
2.771,5.519,-2
2.757,1.427,0
2.923,1.290,0
2.167,1.098,1
2.666,1.770,1
1.106,2.373,0
2.235,1.216,1
2.377,3.418,-4
2.859,6.968,-2
2.673,1.386,1
2.538,1.744,1
2.564,1.197,1
2.309,0.885,1
2.555,1.126,0
1.562,1.486,1
2.267,1.069,0
2.730,0.917,0
2.858,1.446,1
2.362,1.185,1
2.280,0.933,0
2.850,11.820,-2
1.719,1.208,1
2.285,1.271,1
2.674,1.518,1
2.220,1.154,0
2.892,1.245,0
2.151,2.000,1
2.709,3.990,-2
2.568,1.399,1
2.766,1.234,1
2.134,1.265,1
2.342,5.434,-4
2.359,3.562,1
2.612,1.420,1
2.653,3.625,1
2.867,11.100,-2
2.940,1.137,0
2.877,1.223,1
2.893,1.539,1
2.237,1.313,1
2.281,1.324,0
2.043,3.857,-4
2.338,4.488,1
2.499,4.321,1
2.790,1.113,1
2.556,1.494,1
2.323,3.696,-2
2.791,1.555,1
2.705,5.363,-2
2.494,4.319,-2
2.735,1.195,1
2.632,2.706,0
2.565,4.536,-2
2.554,2.739,1
2.402,1.202,1
2.408,6.642,-2
2.812,1.958,1
2.302,1.402,0
2.363,1.974,1
2.744,1.414,1
2.693,0.898,0
2.692,1.175,0
2.516,1.479,1
2.844,1.365,0
1.746,2.189,1
1.604,1.122,1
2.776,5.255,-2
2.513,0.925,0
2.213,1.307,1
2.442,6.103,-2
2.745,6.556,-2
2.531,1.067,0
1.868,1.477,1
2.306,1.975,1
2.419,1.050,1
1.824,1.928,1
2.099,1.092,1
2.467,7.771,-4
2.009,3.477,-4
2.703,1.013,0
2.106,1.677,1
2.244,1.016,1
2.943,5.511,-2
1.944,4.974,-4
2.489,1.099,0
2.615,11.789,-2
2.413,1.346,0
2.501,1.483,1
2.896,1.686,1
2.516,0.961,0
2.650,12.323,-4
1.981,1.203,1
2.714,1.217,1
2.653,1.691,1
2.340,4.275,-4
2.961,1.440,1
2.687,1.139,1
2.777,5.737,-2
2.443,1.194,1
2.212,1.305,0
2.408,1.254,1
2.663,1.074,1
2.414,3.365,-4
2.951,8.139,-2
2.290,2.051,1
2.618,1.571,0
2.019,2.119,1
2.733,4.868,-2
2.377,1.136,0
2.616,0.778,0
2.648,1.458,1
2.850,8.190,1
2.245,1.217,1
2.386,1.061,0
2.136,1.139,0
2.698,1.317,1
2.884,1.508,0
3.061,5.861,-2
2.594,1.070,1
2.568,1.357,0
2.102,1.367,1
2.648,6.621,-2
2.555,1.230,1
2.251,4.826,1
2.141,6.315,-2
2.441,2.432,1
2.776,0.904,1
2.256,4.631,-4
2.530,4.057,-4
2.596,1.231,0
2.786,1.064,1
2.538,6.833,-4
2.184,0.967,0
2.536,0.960,1
2.985,7.112,-2
1.989,1.361,1
2.747,1.052,0
2.680,3.505,1
2.705,1.442,1
2.479,2.008,1
1.862,1.590,1
2.729,9.956,-2
3.074,1.589,1
2.257,2.868,-4
2.828,8.613,0
2.261,1.302,1
1.628,1.108,1
2.762,1.232,1
2.298,1.288,1
2.699,7.898,-2
2.680,4.563,-2
2.181,1.064,1
2.355,1.374,0
2.477,1.072,1
2.290,2.261,1
2.936,6.462,1
2.999,5.233,-2
2.352,1.179,0
2.314,1.894,1
1.725,1.798,-4
2.555,1.172,1
2.454,1.139,0
2.759,1.111,1
2.410,2.080,1
2.345,1.719,1
2.216,3.572,-4
2.235,1.266,0
2.571,7.426,-2
2.542,1.869,1
2.914,11.082,-2
2.593,2.194,1
2.950,7.867,-2
2.560,1.305,1
2.704,1.046,1
2.510,4.568,-2
2.524,3.861,-2
0.911,1.008,1
2.938,1.155,1
2.874,1.726,1
2.926,1.960,1
2.303,1.309,1
3.015,1.029,0
2.473,12.264,-2
2.077,1.560,0
2.426,1.310,0
2.897,1.766,1
2.258,7.908,-2
2.715,1.198,0
2.310,1.296,0
2.622,1.565,1
2.282,1.410,0
2.197,7.942,-2
2.614,1.068,1
2.299,1.402,1
2.165,1.343,1
2.677,5.577,-2
2.818,7.817,-4
2.104,7.641,-4
2.371,1.219,0
2.794,4.530,-2
2.593,1.562,0
2.665,1.148,1
2.681,0.936,1
2.745,1.250,1
2.599,0.992,0
1.646,1.322,1
2.362,0.991,1
2.642,8.606,-4
2.326,1.294,0
2.238,1.141,1
1.259,1.972,1
2.831,8.328,-4
2.680,5.995,-2
2.702,1.300,1
2.635,1.488,1
2.889,1.264,1
2.714,8.995,-2
2.637,1.320,1
2.797,1.448,1
2.842,8.199,-2
2.620,1.751,1
2.175,4.871,-4
2.172,1.142,1
2.998,1.889,1
2.581,6.076,-2
0.868,1.217,1
3.177,7.770,-2
2.918,2.066,1
2.789,12.671,-2
2.109,1.935,1
2.098,1.143,1
2.296,4.980,-2
3.073,1.925,1
2.157,1.193,1
2.095,1.621,0
1.726,4.980,-4
2.912,1.771,1
2.511,1.428,1
2.878,1.835,1
2.686,1.962,1
2.418,3.390,-2
2.755,6.476,-2
2.857,1.482,1
2.363,2.260,-4
2.759,10.688,-2
2.243,1.949,1
2.527,1.829,1
2.586,2.435,1
2.806,11.611,-2
2.790,1.321,1
2.611,2.514,-2
2.318,0.985,1
2.782,1.354,1
3.052,1.807,1
2.812,6.347,-2
2.539,1.356,1
2.276,0.932,1
2.040,2.391,-4
2.284,0.862,0
1.833,2.176,1
2.435,1.454,1
2.550,1.236,0
2.511,7.451,0
2.807,1.496,1
2.538,1.254,1
2.346,1.205,1
2.190,1.423,1
2.774,1.350,0
2.452,1.721,1
1.511,1.577,1
2.632,4.594,-2
2.273,1.376,1
2.679,4.068,-2
2.681,8.251,-2
2.127,1.316,0
2.693,0.954,1
2.298,1.846,0
2.705,1.216,1
2.272,1.573,1
2.982,13.051,-2
2.505,1.131,1
2.462,1.379,1
2.840,1.596,1
2.367,6.589,-4
2.484,1.130,1
2.734,1.164,1
2.700,6.393,-2
2.353,0.911,0
2.200,1.380,0
2.758,1.239,0
2.550,11.380,-2
2.819,7.680,-2
2.408,1.383,1
3.034,1.184,1
2.722,0.907,0
2.096,1.514,1
2.783,1.136,1
2.945,9.062,-2
2.504,1.387,1
2.582,1.116,1
2.559,1.271,1
2.452,6.187,1
1.941,1.294,1
2.376,1.327,1
2.726,1.776,0
2.402,1.538,1
2.272,1.078,1
2.905,8.743,-2
2.849,1.646,1
2.466,1.191,1
2.141,1.506,1
2.631,1.854,1
2.529,5.916,-2
2.435,1.632,1
1.653,5.179,-4
2.479,1.322,1
2.915,1.471,0
2.494,2.818,1
2.873,1.246,1
2.265,1.272,1
2.861,1.557,1
2.644,1.150,1
2.361,1.008,1
2.339,1.226,1
2.498,1.490,1
2.863,25.252,-3
2.414,1.220,0
1.838,1.327,1
2.538,1.957,1
2.903,1.754,1
2.315,1.362,1
2.954,1.392,0
2.294,1.613,1
2.734,8.380,-2
2.060,6.151,-2
2.452,6.633,-4
2.961,9.282,-2
2.621,1.455,1
2.327,3.775,0
2.625,7.970,-2
2.689,0.956,0
2.632,10.163,-2
2.507,1.432,1
2.112,1.139,0
2.095,2.854,-4
2.237,4.334,-2
2.240,1.176,1
2.034,3.565,-4
2.504,1.097,1
2.341,1.854,1
2.890,0.995,0
2.834,12.492,-2
2.712,1.207,0
2.044,1.448,1
2.979,6.063,-2
2.620,1.691,1
2.973,8.867,-2
2.631,6.472,-2
2.741,1.573,1
2.659,1.429,1
2.519,1.092,1
2.983,9.616,-2
2.704,7.987,-4
2.399,1.534,0
2.317,1.822,1
2.840,20.901,-3
2.176,0.899,0
2.520,1.757,1
1.940,1.406,0
2.422,1.858,1
2.910,8.870,-2
2.800,1.385,1
1.969,1.409,1
2.118,1.343,1
2.813,3.247,1
2.081,1.491,1
3.186,1.622,0
2.296,1.230,1
2.408,1.002,1
2.552,2.577,-2
1.930,1.162,0
2.707,9.261,-2
2.283,1.212,1
2.331,1.326,1
2.885,6.080,-2
2.760,21.626,-3
1.979,2.601,-4
2.693,1.256,1
2.644,1.145,1
2.682,1.420,0
2.973,1.411,1
2.964,1.844,1
2.862,11.909,-2
2.563,1.454,1
2.501,6.226,-2
2.644,5.289,-2
2.863,4.647,-2
2.608,18.392,-2
2.355,4.437,-2
3.039,1.362,1
3.174,3.658,-2
2.747,6.656,0
2.978,1.363,0
2.840,0.719,0
2.634,1.553,1
2.231,1.086,1
2.444,2.691,1
2.874,4.531,-2
2.150,1.320,1
2.694,1.229,1
2.647,1.252,1
2.669,0.868,0
2.615,1.490,1
2.546,5.424,-2
2.948,3.155,-2
1.915,1.262,1
2.358,5.292,-2
2.536,1.444,1
2.122,1.557,0
2.525,0.824,0
2.681,1.241,1
2.617,1.334,1
2.905,1.420,1
2.063,1.047,1
2.855,1.322,1
2.322,1.328,1
2.230,2.049,1
1.950,1.301,0
2.168,1.776,1
2.846,1.205,0
2.376,0.906,1
2.273,1.275,0
2.992,0.964,0
2.652,1.115,1
2.382,1.207,1
2.560,2.222,0
2.976,2.206,0
1.980,1.184,1
2.714,13.730,-2
2.215,1.006,1
2.122,1.624,0
2.926,2.286,0
1.792,1.556,1
2.672,0.932,0
1.765,1.836,0
2.207,1.456,1
2.836,2.574,1
2.461,1.035,0
2.229,1.031,1
2.466,1.458,1
2.444,1.245,0
3.058,1.225,1
2.630,3.765,-2
2.645,2.897,1
2.325,1.639,1
1.582,1.241,1
2.117,1.055,1
2.647,1.126,1
2.350,16.303,1
2.725,2.095,1
2.004,1.328,0
2.192,2.023,1
2.741,4.030,1
2.491,1.491,1
2.668,2.984,0
2.031,0.975,1
2.431,1.294,1
2.492,1.280,0
1.807,2.285,1
2.512,2.323,1
2.328,8.555,-4
2.954,4.753,-2
1.850,1.640,1
2.867,10.068,-2
2.660,2.370,0
2.650,1.817,1
2.704,5.881,-4
2.703,1.474,1
2.494,1.506,1
2.337,0.807,0
2.486,0.909,1
2.481,1.631,1
2.205,1.170,1
2.782,2.793,-2
2.284,1.165,1
2.533,1.524,1
2.704,1.191,1
2.454,3.639,-4
1.945,5.238,-4
2.273,4.382,1
2.227,1.741,1
2.713,1.257,0
2.690,0.941,0
2.297,1.518,1
2.075,1.232,0
3.019,1.221,1
2.847,1.668,1
2.508,6.561,-2
2.036,1.808,0
2.948,7.630,-2
2.303,1.522,0
1.769,1.684,0
2.695,7.771,-2
2.728,1.423,1
2.485,1.320,1
2.996,6.028,-2
1.437,2.634,1
2.344,1.237,1
2.921,9.036,-2
1.941,1.944,1
1.431,1.255,1
2.051,1.911,1
2.921,7.749,-2
2.837,1.209,1
2.326,5.913,-2
2.210,1.607,1
2.265,7.435,-2
1.468,4.320,-4
2.227,1.562,0
2.393,2.067,1
2.226,1.204,1
2.426,1.846,1
2.755,5.988,-4
2.611,1.324,1
2.161,1.125,0
2.784,3.386,-2
2.172,1.246,0
2.511,1.154,1
2.040,1.530,0
2.484,6.128,-2
2.856,2.073,1
2.850,6.348,-2
2.442,5.522,-2
2.241,1.377,1
2.902,2.090,1
2.404,1.580,1
2.913,7.033,-2
2.479,2.237,-4
2.374,1.201,1
3.000,14.106,-2
2.356,0.844,0
2.799,1.290,1
2.275,2.481,1
2.100,1.517,1
2.492,1.548,1
1.658,0.979,1
1.498,1.141,0
2.194,1.137,0
2.601,0.947,1
3.076,1.866,1
2.913,5.461,-4
2.726,5.770,-2
2.614,1.199,1
3.004,2.128,1
2.728,5.503,1
2.688,8.177,-2
2.790,1.392,1
2.247,1.249,0
2.002,1.261,0
2.259,8.697,-2
2.696,1.470,1
2.699,5.398,-4
2.673,4.429,-2
2.317,1.619,1
3.086,7.997,-2
2.349,0.949,0
2.756,1.094,1
1.896,2.753,1
1.285,2.268,1
2.631,4.212,-4
2.747,1.219,0
2.930,5.836,-2
2.101,1.262,1
2.963,5.029,1
2.730,1.171,1
2.563,1.060,0
2.725,1.670,1
2.380,2.723,1
2.846,1.316,1
1.616,5.175,-4
2.793,1.718,1
2.285,1.170,1
2.578,3.234,-4
2.728,1.407,1
2.601,1.336,1
2.868,0.971,0
2.533,1.349,1
2.518,1.310,1
2.765,1.359,1
2.696,5.854,-2
2.686,10.495,-2
2.792,15.311,-2
2.652,1.272,1
2.938,6.170,-2
1.496,0.762,0
1.437,1.843,1
2.744,2.046,1
2.712,1.402,1
2.934,3.700,-2
2.877,1.082,1
2.761,1.792,1
2.671,1.331,1
2.253,1.163,1
2.244,5.200,-4
2.525,1.355,0
2.532,1.513,1
2.430,3.958,-2
2.748,1.664,1
2.437,0.935,0
2.634,14.341,-2
2.553,1.650,1
2.561,1.134,1
2.319,3.466,1
2.861,4.614,-2
2.312,1.068,0
2.351,8.528,-2
2.613,3.788,1
2.447,0.861,0
2.813,1.394,1
2.998,6.451,-2
2.976,2.600,-2
2.364,1.242,1
1.903,3.907,-4
2.725,11.333,0
2.363,1.686,1
2.967,1.302,1
2.659,1.181,0
1.665,1.146,1
2.810,1.768,1
2.310,1.099,1
2.968,6.077,-2
2.293,1.475,0
1.773,1.948,1
2.230,1.722,0
2.345,2.146,1
2.509,1.187,0
2.365,8.521,-4
2.280,1.371,1
2.563,13.307,-4
2.444,1.305,1
2.910,1.893,1
2.648,1.060,1
2.177,1.384,1
2.934,2.317,1
2.450,1.416,1
2.535,4.314,-2
2.320,1.546,1
2.888,0.929,0
2.734,0.992,0
2.007,1.136,1
1.922,1.126,0
2.809,1.439,1
2.865,2.977,-2
2.115,1.570,1
2.844,0.794,0
2.232,1.027,1
2.718,10.053,-2
2.266,1.224,0
2.247,2.214,1
2.190,1.652,0
2.339,0.936,0
2.449,1.343,1
2.094,2.074,0
2.063,1.733,1
2.910,1.118,1
2.033,9.294,1
1.658,2.223,1
1.908,2.410,1
1.775,2.516,1
2.847,1.086,1
2.916,0.855,0
2.881,13.842,-2
2.309,4.074,-2
2.760,1.521,1
2.233,1.404,1
2.296,0.789,0
2.359,1.665,1
1.909,2.420,-4
2.902,1.815,1
2.918,1.531,1
2.753,1.151,1
2.739,1.067,1
2.564,5.827,-2
2.872,2.879,1
2.227,1.509,1
2.494,1.183,0
2.469,1.125,1
2.452,0.984,0
2.450,1.316,1
2.023,3.310,-4
2.350,0.974,0
2.544,8.412,-2
2.791,1.403,1
2.380,1.450,1
2.683,1.196,1
2.623,2.285,1
2.253,1.037,1
2.458,3.992,-2
2.119,2.620,0
2.618,7.044,-4
2.255,1.242,1
1.701,1.372,1
2.853,5.617,-2
2.678,1.509,1
2.715,1.073,0
2.965,14.156,-2
2.763,9.979,-2
2.162,1.277,0
1.988,2.803,1
1.940,1.567,0
2.064,1.283,1
2.274,3.588,-4
2.691,3.315,-2
2.080,0.941,1
2.797,1.683,1
2.604,1.232,0
2.249,2.241,0
2.364,0.937,1
2.500,1.610,0
3.125,12.977,1
2.737,1.096,0
2.750,4.534,-2
2.081,0.844,0
2.417,1.368,1
1.859,1.538,1
2.850,2.096,1
2.311,4.768,-2
2.575,1.297,1
2.247,0.927,1
2.091,1.381,1
2.738,6.962,-2
2.187,0.918,1
2.933,5.457,-2
2.417,0.860,0
2.926,3.722,1
2.065,2.674,1
2.736,10.682,-2
2.761,4.188,-2
2.428,3.738,-4
2.965,3.807,-2
2.057,2.356,0
2.377,1.083,1
2.947,11.574,-2
1.852,6.650,-2
2.307,0.962,0
2.498,4.502,-4
2.589,1.338,1
2.603,1.202,0
2.320,1.000,0
2.681,5.013,-2
1.617,2.117,1
2.591,3.133,-4
2.754,1.014,0
2.926,1.440,1
2.530,1.103,1
2.639,0.875,0
1.932,1.464,1
3.012,2.297,0
2.994,7.395,-2
1.405,2.893,0
2.845,7.531,-2
2.111,1.595,1
2.539,1.034,1
2.382,5.999,-2
2.767,1.267,1
3.042,1.685,1
2.973,8.322,0
2.561,1.199,1
2.682,1.564,1
2.922,6.840,-2
2.008,1.501,0
2.899,0.988,1
2.452,2.192,0
2.199,1.099,0
2.512,1.454,0
2.704,10.004,-2
2.174,1.328,1
2.624,6.745,0
2.701,4.984,-2
2.702,7.779,-2
2.258,1.189,1
2.578,0.990,1
2.024,2.378,0
2.952,1.961,1
2.574,6.657,-2
2.811,0.995,0
3.049,6.060,-2
2.788,1.265,0
1.759,2.609,1
1.933,1.921,1
2.480,1.243,0
2.497,4.972,-2
2.441,7.728,-4
2.379,1.185,1
2.461,8.066,-2
2.287,1.310,1
2.501,4.893,-4
2.599,1.522,1
3.049,4.692,0
2.660,6.223,-2
2.875,1.440,1
2.467,1.147,1
2.527,4.649,-2
1.933,1.117,0
2.908,8.472,-2
1.850,5.758,-2
2.834,4.030,-2
2.756,8.070,-2
2.544,1.141,1
2.360,1.168,1
2.226,2.368,1
2.675,1.219,1
2.285,1.654,0
2.618,1.305,1
2.366,1.287,1
2.003,1.719,1
2.267,1.166,0
2.650,1.785,1
2.857,1.280,1
2.107,1.458,0
3.068,1.895,0
2.139,5.165,-2
2.341,1.089,1
1.690,1.298,0
2.432,0.928,1
2.567,0.881,0
1.944,2.345,1
2.531,1.196,1
2.264,1.461,1
1.594,2.030,1
2.795,2.078,1
2.649,1.286,0
2.767,1.143,1
2.903,1.463,1
2.664,1.086,1
2.154,1.305,1
2.887,1.437,1
1.899,0.839,1
2.291,1.590,1
2.618,3.062,0
2.318,1.277,0
2.549,0.961,0
2.836,1.199,1
2.562,1.384,0
2.497,0.934,0
1.529,0.944,1
2.761,1.443,1
2.672,7.947,-4
2.724,6.368,-2
1.994,2.896,1
2.838,1.812,1
2.663,1.421,1
2.716,4.212,1
2.679,5.045,-2
2.307,8.183,-2
2.377,1.346,0
2.623,0.764,0
2.494,1.366,1
2.850,2.526,1
1.992,1.102,1
2.428,1.444,0
2.146,1.461,1
2.611,2.978,-4
2.846,2.030,1
3.036,9.181,-2
1.886,1.647,1
2.241,2.026,1
2.420,1.339,0
2.391,1.090,1
2.160,0.873,0
2.879,7.520,0
1.679,1.864,0
2.287,1.911,1
2.019,1.837,1
2.958,1.339,0
2.477,10.784,0
1.978,1.319,1
2.123,2.453,1
2.538,7.026,-4
2.866,0.842,0
2.727,1.321,1
2.187,1.163,1
2.670,3.462,-2
2.904,12.431,-2
2.514,4.702,-4
2.232,1.911,1
2.129,5.636,-2
2.320,1.871,1
2.243,1.100,1
2.420,1.031,1
2.907,1.175,1
2.392,1.867,1
2.746,1.544,1
2.680,1.217,1
2.734,0.986,0
2.203,1.150,1
2.665,14.085,-2
2.262,1.000,0
2.494,1.470,1
2.088,1.071,1
2.680,9.431,-4
2.295,1.274,0
2.601,1.086,0
3.000,1.285,1
2.162,1.695,1
2.488,1.167,1
2.353,2.141,1
2.354,1.139,0
2.527,11.348,-2
2.233,1.176,1
1.917,7.731,-2
1.624,1.323,1
2.880,1.379,1
2.848,3.057,-2
2.708,1.181,1
2.613,1.097,1
2.262,2.541,0
2.807,8.330,-2
2.397,4.543,-4
2.449,1.384,1
2.535,1.655,1
2.884,1.351,1
2.876,13.917,-2
2.840,8.820,-2
3.095,1.626,0
1.724,4.961,-2
2.267,1.089,1
2.864,1.158,1
2.913,5.502,1
2.932,1.026,1
2.596,1.326,0
2.502,1.438,1
2.715,1.488,1
2.904,1.781,0
2.225,1.121,1
1.737,2.380,1
2.077,25.533,-2
1.394,1.526,0
2.277,1.631,1
1.984,1.498,1
2.705,1.446,1
2.770,1.446,1
2.787,1.072,1
2.360,1.122,0
2.247,1.039,0
2.841,6.599,-4
2.699,5.097,-2
3.023,1.965,1
2.004,1.492,1
2.897,1.195,0
2.747,6.691,-2
2.458,1.207,1
2.661,1.655,1
2.544,1.275,1
1.978,2.000,1
2.474,1.156,0
2.660,5.214,-2
2.699,1.502,0
2.804,1.320,1
1.698,1.439,1
2.223,1.524,1
2.254,1.045,0
2.059,0.754,0
2.135,1.620,1
2.606,1.543,1
2.233,1.351,1
2.460,1.679,1
1.636,1.384,0
2.847,1.488,1
1.752,1.899,1
2.590,2.892,-2
2.453,3.930,-4
2.978,12.810,-2
2.078,1.853,1
2.925,13.153,-2
2.651,1.554,1
2.233,1.377,0
2.742,7.812,-2
2.414,1.698,1
2.726,1.102,1
2.623,1.585,1
2.824,3.822,0
2.206,0.906,0
1.901,1.357,1
2.357,6.297,-4
2.851,2.050,1
1.923,2.135,1
2.224,1.247,0
2.680,1.561,0
1.955,0.977,1
2.391,4.072,-4
2.378,7.859,-4
3.015,1.501,1
2.976,5.021,-2
2.823,9.241,-2
2.250,1.246,1
2.269,1.156,1
2.858,2.006,1
2.999,6.101,-2
2.647,3.075,0
2.871,0.924,0
2.648,17.679,-2
2.366,1.352,1
2.857,2.293,-2
2.633,1.557,1
2.725,4.356,-4
2.902,8.110,-2
2.876,8.134,-4
2.337,1.421,1
2.509,1.625,1
3.034,12.557,-2
2.563,1.023,1
2.826,11.368,-2
2.226,1.997,1
2.558,2.576,0
2.552,1.049,0
2.593,1.198,0
2.828,0.967,1
2.861,3.399,1
2.632,1.066,0
2.846,1.285,1
2.580,1.120,1
2.507,2.048,1
2.335,1.154,0
1.835,1.370,1
2.398,1.459,1
2.894,5.354,-4
3.094,1.969,1
2.593,2.740,-2
1.857,1.582,1
2.546,1.109,0
2.499,1.173,1
2.750,1.293,1
2.505,0.876,0
2.757,0.934,1
2.645,1.080,1
2.983,1.842,1
2.102,0.917,0
2.625,1.831,1
2.826,1.783,1
2.352,1.299,1
2.279,0.935,0
2.871,1.063,1
2.256,1.315,1
2.408,1.431,1
2.206,1.331,1
1.890,1.089,0
2.326,4.587,-2
2.382,6.179,-2
2.254,2.010,1
3.056,2.931,1
2.765,5.160,-4
2.025,4.567,-4
2.837,3.073,1
2.260,3.352,-2
2.570,0.941,0
2.425,1.255,1
2.276,3.075,1
2.428,1.079,1
2.812,1.267,1
2.469,10.424,-4
2.835,8.232,-2
2.855,2.461,0
2.659,13.470,-4
1.732,1.564,0
2.690,3.064,1
2.262,1.889,0
3.001,9.428,-2
2.540,2.183,1
2.339,20.868,-3
2.386,1.161,1
3.007,12.844,-2
2.575,0.904,1
2.192,1.050,0
2.926,1.461,0
2.423,1.405,1
2.091,2.601,-4
2.143,0.798,0
2.444,2.189,1
2.342,5.683,-4
2.706,3.337,-2
2.589,0.907,0
2.236,8.667,-2
2.302,6.584,-4
2.925,14.991,-2
2.996,1.505,1
2.625,1.427,0
1.816,1.619,0
2.810,0.885,0
2.230,1.694,1
2.950,7.856,-2
2.740,4.933,-2
1.798,2.149,1
2.938,10.436,-4
2.124,2.059,1
2.189,0.933,0
2.343,0.856,0
2.716,16.254,-2
2.622,0.975,0
2.630,1.192,1
2.766,1.036,1
2.469,1.825,1
2.595,1.241,0
1.383,1.673,0
2.177,5.678,-2
2.782,6.193,-4
2.319,1.037,0
2.391,5.492,-4
2.874,6.628,-2
2.664,1.400,1
2.351,1.074,1
2.653,1.044,0
2.131,1.228,1
2.828,7.016,-2
2.722,7.125,-2
2.033,19.431,-2
2.549,3.826,-2
2.677,1.119,1
2.883,9.880,-2
3.016,1.666,0
2.260,1.330,0
2.194,1.690,0
2.844,13.841,1
2.308,1.045,0
2.113,1.032,1
2.076,1.595,1
2.185,1.359,0
2.869,1.725,1
2.753,1.417,0
2.919,1.235,0
2.139,1.482,1
1.938,2.372,-4
2.220,1.167,1
2.782,1.959,1
2.810,1.158,1
2.633,6.752,-2
2.116,1.375,1
2.144,1.665,1
2.303,2.213,-2
2.805,3.392,-2
2.276,1.087,1
2.810,2.103,1
2.560,1.135,1
2.571,1.429,1
3.050,1.819,0
2.504,1.164,1
2.211,1.004,0
2.713,8.230,-2
2.831,3.855,-2
2.807,4.557,-2
2.179,1.077,1
2.687,11.626,-2
1.982,1.299,1
2.822,9.705,-2
2.439,1.041,0
2.826,8.114,-4
2.730,1.976,1
2.793,1.204,1
2.371,0.883,0
2.983,1.168,0
1.735,2.923,1
2.455,1.114,1
2.405,1.054,1
2.400,1.071,1
2.629,0.929,0
2.867,9.509,-2
2.511,1.228,0
2.201,1.072,1
2.948,16.141,-2
2.799,7.742,0
1.999,2.701,1
1.753,1.058,1
2.339,6.393,-2
2.434,1.154,0
2.361,0.994,1
2.828,8.326,-2
2.585,2.538,1
1.789,2.428,1
2.845,1.014,1
2.383,1.299,1
2.780,1.300,1
2.848,1.370,1
2.473,1.199,0
2.418,3.723,-2
2.678,1.891,1
2.515,1.181,0
1.956,1.071,1
2.350,1.381,1
2.548,1.137,1
1.883,1.361,0
2.634,0.939,1
2.662,11.282,-2
2.690,4.295,-2
2.972,11.756,-2
2.798,1.431,1
2.631,10.223,-2
2.190,0.964,1
2.768,1.105,1
2.128,0.890,1
2.310,3.954,-2
2.168,0.953,0
2.029,2.908,-2
2.388,0.843,0
2.730,0.917,0
2.671,1.363,1
2.591,1.550,1
2.402,7.065,-2
2.345,3.070,0
2.157,5.379,-2
2.684,1.020,1
2.300,5.376,-2
2.659,1.147,1
2.263,1.850,1
2.753,1.241,0
1.977,1.459,1
2.429,1.460,1
1.318,1.346,0
2.358,1.070,0
2.894,10.280,-2
2.549,1.445,1
1.988,1.546,0
2.249,5.308,-4
1.852,2.213,1
2.465,1.218,1
2.959,2.332,1
2.772,1.566,1
2.511,1.532,0
2.351,1.817,0
2.378,1.464,1
2.449,1.217,1
2.946,1.586,1
2.460,1.590,1
2.305,1.466,1
2.680,2.076,0
1.992,1.166,0
2.877,4.684,-2
2.732,0.987,1
2.808,3.657,1
2.677,10.289,1
2.827,1.207,0
2.722,28.846,-3
2.633,1.167,1
2.074,1.750,1
2.585,1.468,1
2.985,13.250,-2
2.915,7.430,-2
1.668,4.189,0
2.375,1.093,0
2.272,1.294,1
2.198,1.032,0
2.542,1.140,1
2.971,8.325,0
2.488,1.437,0
2.619,7.955,-2
2.864,1.337,1
2.328,5.896,-2
2.035,1.604,1
2.849,1.221,1
2.239,1.022,1
2.167,2.542,1
2.220,6.186,-4
2.609,1.358,1
2.364,1.019,1
1.302,2.529,-4
2.186,3.530,-4
1.702,3.432,-2
2.734,3.246,0
2.635,16.253,-2
2.308,2.007,1
2.372,1.304,1
2.492,1.472,1
2.527,1.256,1
2.537,1.730,1
2.392,1.035,1
2.610,1.079,1
2.411,1.533,1
2.421,1.501,1
2.604,1.038,0
2.218,3.007,-4
2.187,1.890,1
2.707,1.221,1
1.871,2.025,1
1.564,1.959,1
2.548,1.199,1
2.792,6.568,-2
2.278,2.562,1
2.904,1.826,1
1.600,2.839,0
2.746,6.057,1
2.349,1.822,1
2.012,1.113,0
2.886,2.369,1
2.429,1.258,1
1.976,1.540,1
2.040,1.178,0
2.746,6.928,-4
2.799,9.222,-2
2.127,4.016,-4
2.615,4.522,1
1.986,1.883,1
2.197,1.335,1
1.406,1.880,1
2.557,1.663,1
2.842,1.330,1
2.779,1.482,1
2.425,3.588,-2
2.914,1.551,0
2.741,1.128,1
2.561,17.326,1
2.478,1.009,1
3.146,1.394,0
2.674,6.821,-2
2.129,1.310,1
2.291,1.558,1
2.389,2.024,0
2.566,7.524,-2
2.253,0.953,0
2.760,1.240,0
2.558,3.319,-4
2.106,1.201,1
2.648,1.147,1
2.611,1.120,1
2.349,1.423,1
2.194,1.321,1
2.688,5.825,1
2.348,1.334,1
2.449,1.738,1
1.805,3.520,1
2.888,7.237,-2
2.254,1.168,1
1.682,1.908,1
2.630,1.343,0
2.272,1.679,1
2.070,5.735,-4
1.830,2.094,1
2.292,1.079,1
2.207,1.141,1
2.246,1.467,0
2.961,6.695,-2
2.697,1.506,1
2.671,1.189,1
2.315,1.534,1
2.636,1.165,1
2.738,9.365,-2
2.788,2.564,1
2.841,1.399,1
2.368,0.957,1
2.386,0.997,0
2.547,6.365,-4
2.237,1.263,1
2.146,2.006,1
2.878,5.608,-2
2.357,5.939,-2
2.367,1.127,1
2.955,1.222,1
2.742,20.846,-3
3.042,1.802,1
2.806,2.321,1
2.786,1.276,1
2.202,1.919,1
2.901,11.636,-2
2.779,0.955,1
2.300,2.309,1
2.318,2.383,1
2.729,1.182,1
2.800,1.397,1
2.629,1.082,1
2.242,1.495,1
2.906,12.596,-4
2.847,1.576,1
2.394,0.936,0
1.911,1.661,1
2.675,5.310,-2
2.414,5.704,1
2.426,5.409,-2
2.686,1.080,0
2.620,4.918,-4
2.750,1.076,0
2.687,2.002,1
2.817,8.788,-2
2.191,1.256,1
2.839,9.851,1
2.807,1.355,1
2.757,0.901,0
1.890,1.414,0
1.989,1.608,0
2.474,1.352,0
2.808,1.441,1
2.787,4.055,-2
2.777,1.458,1
2.661,19.323,-2
2.778,1.808,1
2.188,1.449,1
2.736,6.437,-2
2.741,11.542,-4
2.108,7.223,-4
2.174,1.431,1
1.651,2.572,1
3.107,4.082,0
2.809,1.021,0
2.669,1.123,1
2.329,22.670,-3
2.254,1.355,0
2.479,1.042,0
1.669,2.767,1
2.402,2.545,-2
2.914,1.415,1
2.731,1.131,1
1.733,1.119,1
2.782,1.444,1
2.475,2.260,1
2.263,1.296,1
2.428,1.067,0
1.963,1.887,1
2.332,1.294,1
2.724,1.385,1
2.617,8.901,-2
2.063,1.134,0
2.415,20.633,-3
2.602,1.166,1
2.248,1.456,1
2.763,9.004,-4
2.468,0.908,0
2.140,17.570,-3
2.505,4.948,-2
2.943,4.874,-2
2.355,1.418,1
2.050,1.271,1
2.808,1.392,1
2.871,1.169,1
2.835,1.419,0
2.772,7.630,-4
2.840,1.013,1
2.495,1.242,1
2.732,8.503,-2
2.447,1.314,0
2.210,0.910,1
2.092,1.477,1
2.103,2.745,-4
2.171,10.041,-2
2.909,7.586,-2
1.504,1.466,1
2.643,9.515,-2
2.403,0.894,1
2.747,8.429,-2
3.073,2.712,0
2.394,1.601,1
2.641,0.951,1
2.441,2.059,1
2.241,0.970,0
2.308,1.357,1
2.737,5.828,-2
2.847,7.344,-2
2.544,3.365,1
2.972,15.338,-2
2.387,2.834,-2
2.989,1.655,1
2.376,1.473,1
2.779,10.853,-2
2.384,1.329,1
2.571,1.153,1
1.686,1.691,1
2.865,4.580,-2
1.804,2.167,-4
2.021,1.382,1
2.399,1.107,1
2.892,1.136,1
2.467,1.575,1
2.537,1.023,0
2.410,1.018,1
2.866,7.362,-2
1.119,1.078,1
1.963,1.722,1
2.718,5.952,-2
2.513,5.008,-2
2.545,0.967,0
2.915,0.755,0
2.851,1.126,1
2.658,0.943,0
2.856,1.253,1
2.465,4.870,-2
2.612,1.673,0
2.757,3.465,0
2.841,7.082,-2
2.363,1.109,1
2.714,8.547,-2
2.593,21.525,-3
2.333,3.481,-2
2.384,1.057,1
2.089,1.057,1
3.114,1.518,1
2.036,1.382,1
2.335,1.343,1
2.409,0.984,1
2.047,1.093,1
2.953,5.663,-2
2.435,1.347,1
2.259,0.881,0
2.761,8.461,-2
2.721,8.444,1
2.376,9.432,-4
2.798,1.179,1
2.640,3.569,-2
2.412,3.961,-4
2.458,1.099,0
2.925,1.667,1
2.798,3.252,1
2.890,22.363,-3
2.245,1.262,1
2.258,11.276,-2
2.902,6.451,-2
2.257,17.890,-3
2.868,2.787,-2
2.584,3.378,-4
2.688,1.396,1
2.622,3.410,1
2.598,15.654,-4
2.394,1.174,1
2.720,1.432,1
2.786,1.099,0
2.767,4.915,-2
2.998,2.296,1
2.369,1.643,1
2.427,1.312,1
2.545,1.343,1
2.364,1.004,1
2.622,1.008,1
2.151,1.318,1
2.608,1.018,0
2.743,1.097,1
2.229,3.322,-4
2.363,1.273,1
2.921,5.481,-2
2.860,6.349,-2
2.641,1.386,1
2.262,1.231,1
2.219,1.847,1
2.620,0.975,1
2.577,1.023,0
2.064,8.876,0
2.603,1.238,1
2.940,6.413,-2
2.160,1.259,1
2.435,1.987,0
2.586,1.007,1
2.413,2.676,-2
2.565,1.464,0
2.372,1.162,1
2.638,1.222,0
2.569,1.624,1
2.012,1.463,0
2.676,1.133,0
2.829,1.897,0
1.905,1.037,0
2.883,2.682,-2
1.944,1.426,1
2.263,1.106,1
2.530,4.449,-2
2.363,4.378,-2
2.562,1.662,0
2.803,1.126,0
2.762,1.088,1
2.412,1.977,1
1.890,1.717,1
2.533,1.019,0
1.939,1.804,0
2.761,0.891,1
2.757,1.038,0
2.925,1.418,1
2.486,23.131,-3
2.819,3.347,-2
2.353,1.141,0
2.918,1.153,0
1.451,2.141,0
2.730,1.161,0
2.567,3.185,1
2.558,1.330,1
2.791,1.665,0
2.242,1.893,1
2.354,9.878,1
2.325,1.074,1
2.866,9.379,-2
2.433,0.933,0
2.849,7.482,-2
2.490,1.373,1
2.913,4.206,1
2.412,1.303,1
2.439,8.371,-2
2.471,1.883,1
2.677,1.252,1
2.220,0.971,1
2.924,1.434,0
2.632,1.297,0
2.618,3.623,-2
2.564,3.474,-2
2.812,0.955,0
2.871,21.801,-3
3.020,1.287,1
2.348,2.913,-2
2.339,1.367,1
2.743,6.981,1
1.891,0.863,0
2.764,1.742,1
2.735,4.441,-2
2.969,1.738,1
2.448,1.536,1
2.796,1.099,1
2.684,1.403,1
2.205,2.647,0
2.251,1.405,1
2.583,1.197,1
2.019,1.241,0
3.075,1.140,1
2.682,1.852,1
2.116,2.025,1
2.366,9.078,-2
2.752,9.008,-2
2.421,1.535,1
2.364,1.714,0
2.137,1.690,1
2.545,1.276,1
3.033,1.833,1
2.061,2.764,-4
2.238,1.308,1
2.454,3.564,-4
2.641,5.652,-4
2.699,6.765,-2
2.611,1.386,1
1.745,1.151,0
2.573,1.420,1
2.541,9.941,-2
2.950,1.751,1
2.120,1.234,1
2.527,1.219,1
2.610,1.103,1
2.469,3.451,-2
1.757,2.534,1
2.713,1.398,1
2.343,1.276,1
1.314,3.960,-4
2.273,1.022,0
2.828,4.023,1
2.300,7.928,-2
2.814,6.176,-2
1.709,1.866,0
3.074,2.589,1
2.640,1.177,1
2.165,0.915,0
2.154,14.546,-2
2.331,1.485,0
2.572,1.453,1
2.190,1.277,0
2.140,1.046,1
2.687,7.161,-2
2.355,1.645,1
2.020,3.189,-4
2.759,1.338,1
2.441,1.706,1
2.275,1.464,0
2.305,2.355,1
2.765,1.343,1
2.750,4.621,1
2.047,1.244,0
2.515,1.173,1
2.654,23.331,-3
2.261,4.982,-2
2.431,1.187,0
2.636,1.134,1
2.552,5.388,-2
3.007,2.573,1
3.073,6.363,-2
2.813,1.757,0
2.191,14.196,0
2.408,2.732,-4
2.340,1.101,0
2.647,3.738,1
2.728,9.297,-2
1.757,1.475,1
2.523,1.656,1
2.730,6.367,-2
2.932,6.521,-2
2.849,9.132,-2
2.650,8.502,-4
2.825,8.572,1
1.500,4.170,-4
2.918,8.291,-2
2.669,4.196,-2
2.213,0.923,0
2.455,1.027,1
1.238,2.218,1
2.858,1.527,1
2.470,1.078,0
2.309,1.033,1
2.799,4.518,-2
2.965,6.166,-2
2.261,1.273,1
2.492,17.583,-2
3.061,1.185,1
2.584,17.400,-3
2.211,1.303,1
1.637,3.015,-4
2.756,0.921,0
2.310,1.783,1
2.619,6.540,-2
2.201,1.217,1
1.899,1.148,1
2.370,4.038,-4
2.667,1.152,1
2.367,2.308,1
2.813,11.059,-2
2.709,1.403,1
1.683,1.519,1
2.846,1.260,1
2.518,5.772,-4
2.523,1.328,1
1.860,1.291,1
2.315,1.236,1
2.586,5.360,-2
2.328,1.521,0
2.885,6.552,-2
1.968,1.234,0
2.698,1.103,1
2.732,1.316,0
1.826,1.401,1
2.621,1.200,1
2.606,1.169,1
2.847,9.049,-2
2.362,1.573,1
2.632,1.413,1
2.629,1.236,1
2.671,1.874,1
2.704,1.241,0
2.193,1.396,1
2.224,0.978,0
2.709,7.670,-2
2.519,1.300,1
2.692,1.119,1
2.927,5.716,-4
2.905,5.596,-2
2.810,1.543,1
2.418,4.482,-2
2.166,1.381,1
2.306,6.097,-4
1.923,1.087,0
2.696,2.979,0
2.249,1.070,0
2.442,1.559,1
2.159,0.997,1
1.944,2.168,0
2.646,1.228,0
2.762,1.384,1
2.625,0.994,1
2.039,1.826,1
2.807,6.978,-2
2.268,2.771,-2
2.296,1.722,1
2.711,5.499,-2
2.600,8.305,-2
1.977,4.565,-2
2.562,1.266,1
1.608,7.738,-4
2.929,5.728,-2
2.745,1.246,1
2.776,1.163,1
2.184,0.986,0
2.234,1.190,1
2.186,2.351,1
2.667,4.550,-2
2.299,1.322,1
2.784,1.378,1
2.747,1.235,1
2.456,1.173,0
2.714,1.191,1
2.907,1.153,1
2.436,1.348,0
2.499,1.100,1
2.247,1.088,1
2.785,1.174,0
2.424,1.401,0
2.860,1.415,0
1.095,1.303,1
2.662,1.457,1
2.202,1.522,1
2.494,1.340,0
2.353,1.615,1
2.289,0.922,0
2.730,1.088,0
2.594,3.536,-2
2.279,0.967,1
2.405,4.822,-2
2.871,1.875,0
2.628,1.048,0
2.312,1.164,1
1.590,1.672,1
2.353,2.008,1
1.550,1.296,1
2.971,9.735,-2
2.475,1.090,1
2.691,4.014,-4
1.984,2.169,1
1.881,19.630,-3
2.481,8.007,-4
2.466,3.146,-2
2.461,10.472,-2
2.243,1.046,0
2.438,1.520,1
2.780,1.194,1
2.102,1.472,1
2.137,0.870,0
2.497,1.427,1
2.081,1.542,1
2.481,1.023,1
2.400,1.819,1
2.365,1.040,0
2.341,1.414,1
2.653,12.432,-2
2.875,1.238,1
2.238,16.373,-4
2.869,1.522,1
2.111,3.479,-4
2.218,2.847,1
2.515,0.982,1
2.366,1.046,1
2.683,1.406,1
2.832,1.614,1
2.729,1.304,1
2.308,2.045,1
2.940,7.985,-2
2.214,1.208,1
2.719,1.848,1
2.643,1.187,0
2.806,1.267,1
2.362,2.718,-2
2.375,4.913,-4
2.735,1.014,1
2.472,1.270,0
2.752,1.079,1
2.612,1.089,1
3.135,2.031,1
2.444,1.133,0
2.598,8.395,-4
2.846,3.132,1
1.995,1.962,1
2.782,1.342,1
2.278,6.191,-4
2.652,1.312,1
2.863,7.763,-2
1.996,1.148,0
2.522,1.269,1
2.159,1.106,0
2.560,2.363,-4
1.890,1.592,1
2.362,15.067,-2
2.716,1.069,0
2.375,1.379,1
1.979,1.275,1
2.328,1.839,0
2.425,1.232,0
2.008,2.466,1
2.714,1.444,1
2.980,1.831,0
2.160,8.567,-4
2.812,12.974,-2
2.424,1.169,1
2.248,6.455,-4
2.569,1.418,1
2.899,1.286,1
2.808,1.097,0
2.725,1.435,0
2.545,1.287,1
2.586,0.692,0
2.021,1.732,1
2.267,1.251,1
2.835,1.575,1
2.533,1.342,0
2.664,1.052,1
1.883,2.602,-4
2.862,2.924,0
2.960,1.495,1
2.598,18.123,1
1.849,1.551,0
2.231,1.080,0
1.984,6.869,-4
1.773,3.993,1
2.684,1.685,1
1.941,1.422,1
2.233,2.483,-4
2.872,1.103,1
2.304,1.318,1
2.657,1.234,0
2.520,1.334,1
2.806,13.172,-2
2.747,6.723,-4
2.657,2.286,0
2.453,0.924,0
1.667,4.985,0
2.134,1.280,0
2.677,6.738,-2
2.677,1.005,0
2.618,1.078,1
2.183,1.151,0
2.601,9.661,-2
2.519,5.285,-4
2.764,1.370,0
2.420,1.055,0
1.885,1.017,1
2.674,5.893,-2
2.397,5.469,-2
1.980,0.999,1
2.939,8.157,-2
2.593,1.187,0
2.587,1.133,1
2.900,7.274,-2
2.223,1.032,0
2.719,1.184,0
2.689,7.760,-2
2.388,3.460,-2
2.404,1.456,1
2.607,1.084,1
2.431,2.654,1
2.061,1.692,1
2.144,1.310,1
2.120,1.539,0
2.894,1.476,1
2.571,1.175,0
2.014,1.005,1
2.108,4.005,-4
1.696,1.163,1
2.402,0.890,0
1.822,2.011,1
1.631,1.132,0
2.562,1.539,1
2.583,1.146,1
2.461,1.211,0
2.457,2.474,-2
2.889,1.183,1
1.897,0.969,1
2.538,1.367,1
1.783,1.429,1
2.935,5.045,-2
2.703,1.280,0
2.592,1.717,0
2.941,9.637,-2
2.538,2.282,-4
2.914,2.435,0
2.650,0.945,0
2.413,9.322,-2
2.386,1.486,1
2.812,7.862,-2
2.502,6.346,-2
2.376,1.344,1
2.599,1.100,0
2.065,1.717,1
2.659,0.890,0
2.862,4.850,1
2.710,1.146,1
2.695,1.475,1
2.657,1.416,1
2.237,0.938,1
2.136,1.188,1
2.890,5.329,-2
2.904,1.120,1
1.232,1.791,1
2.276,0.995,0
2.206,1.141,1
2.816,1.255,1
3.012,1.083,0
2.657,0.809,0
2.538,12.464,-2
2.276,1.370,1
2.454,1.411,1
2.532,1.282,1
1.976,1.222,1
2.766,1.041,1
2.700,0.965,0
2.936,2.592,1
2.224,1.162,0
2.698,8.246,-2
2.708,5.664,1
2.590,1.598,1
3.148,1.560,1
2.480,1.127,1
2.722,2.088,1
2.878,1.179,1
1.747,2.005,1
2.479,6.601,-2
2.963,1.704,1
2.880,1.732,1
2.970,8.820,-4
2.282,1.371,1
2.912,6.668,-2
2.774,1.641,1
2.526,3.144,-2
2.202,1.193,1
2.833,10.648,1
2.469,1.039,1
2.170,8.999,-4
2.210,1.678,1
2.652,5.009,-4
2.743,1.214,1
2.409,1.214,1
2.790,1.879,1
1.946,1.864,1
2.968,7.994,-2
2.494,1.327,1
2.151,0.844,0
2.401,0.843,0
2.390,1.648,1
2.765,2.681,1
2.726,1.442,1
2.462,1.385,1
2.817,1.477,1
2.513,1.348,0
2.723,2.369,1
2.079,1.666,1
2.861,1.161,1
2.788,2.488,-2
2.606,1.319,0
2.795,1.384,1
2.258,1.016,0
2.781,0.928,1
2.723,2.292,1
2.099,2.573,1
2.846,16.731,1
2.236,1.651,1
2.543,10.713,-2
2.433,4.205,-4
2.769,1.090,1
2.013,5.413,1
2.888,1.343,1
2.987,6.703,-2
2.971,7.344,-4
2.411,5.322,-4
2.064,4.342,-2
2.682,1.304,1
1.656,4.379,1
2.320,3.530,-4
2.260,1.196,0
2.701,1.119,1
2.922,7.529,-2
2.228,2.120,0
2.783,1.752,1
2.509,1.297,1
2.196,2.235,1
1.625,1.542,1
2.636,1.229,0
2.501,1.111,0
2.367,1.319,1
2.796,8.816,-2
2.015,2.120,1
2.226,1.029,0
1.677,0.977,0
2.954,6.621,-2
2.390,6.163,-4
2.424,1.036,1
2.697,1.385,1
2.474,1.209,1
2.536,2.660,-2
2.538,1.399,1
2.890,1.830,1
2.517,3.903,-2
2.242,1.450,0
2.925,8.026,-2
2.746,1.238,1
2.392,1.861,1
2.255,2.658,1
2.784,1.274,0
1.577,1.331,1
1.945,1.694,1
2.246,1.081,1
2.654,6.197,-2
2.308,1.330,1
2.488,1.299,1
2.758,4.617,-2
2.824,1.389,1
1.431,1.246,0
1.360,1.354,0
2.773,1.076,1
2.918,3.181,-2
2.336,1.126,1
2.569,9.301,-2
2.614,1.157,1
2.455,1.031,1
2.718,0.861,0
2.563,1.232,0
2.361,1.908,1
2.446,2.273,-2
2.268,1.149,1
2.345,1.303,1
2.340,1.386,0
2.384,1.152,1
2.954,1.134,1
1.612,1.409,0
2.504,1.506,1
2.548,1.038,0
2.634,13.758,-2
2.393,1.137,1
3.037,1.028,0
2.480,1.778,1
2.235,0.981,1
2.346,1.001,0
2.529,1.086,1
2.702,1.019,0
2.416,1.055,1
2.319,1.635,1
2.000,2.678,1
2.950,7.372,-2
2.351,9.868,-2
2.719,0.999,0
2.302,1.192,1
2.370,1.076,1
2.178,1.858,1
2.908,1.178,0
2.300,1.297,0
2.216,0.996,0
2.170,1.149,1
2.984,5.065,-2
2.333,1.337,0
2.699,7.767,-2
2.477,1.302,1
2.715,1.821,1
2.720,1.709,0
2.455,1.295,1
2.306,1.312,1
2.585,4.031,-2
2.569,4.985,-2
2.096,1.831,1
2.400,0.982,0
2.752,12.347,-2
2.767,1.211,1
2.220,1.060,0
2.763,1.241,1
2.678,0.864,1
2.277,1.622,1
2.248,1.305,1
2.386,3.070,-4
2.278,1.015,1
2.749,7.032,-2
2.295,1.539,1
2.369,1.328,1
2.402,1.317,1
2.698,1.308,1
2.529,1.336,1
3.023,2.865,1
2.795,7.978,-4
2.923,0.995,1
2.768,7.950,-2
2.590,2.844,0
2.221,1.090,1
2.685,5.569,-2
2.887,1.259,1
2.653,1.378,1
2.261,2.885,-2
2.354,1.058,1
2.622,4.271,-2
2.029,1.327,0
2.939,1.479,0
2.694,1.875,0
2.622,3.590,-4
2.493,1.002,1
2.659,1.047,1
2.365,5.123,-2
2.559,6.486,-4
2.256,1.198,0
2.601,8.044,-2
3.023,1.259,1
2.559,1.581,1
2.620,0.939,0
2.870,1.204,1
2.819,5.754,1
2.717,0.919,0
2.288,1.613,1
2.262,1.928,1
2.813,4.012,1
2.663,0.856,0
1.487,1.506,1
2.588,3.578,-2
2.431,2.039,1
2.763,1.437,0
2.247,1.421,1
2.296,2.002,0
2.762,3.651,-2
2.746,1.633,1
2.430,1.129,0
1.329,2.251,1
2.077,1.713,1
1.376,0.833,1
2.921,9.963,-2
2.085,1.808,1
1.328,1.674,1
1.797,1.269,0
2.812,8.251,1
2.968,1.108,1
2.593,0.935,0
2.016,3.481,0
1.698,2.448,1
2.460,1.630,1
2.424,2.787,-4
2.856,1.342,1
2.618,0.918,1
2.599,1.451,1
1.615,2.081,1
2.841,0.945,0
2.313,1.236,0
1.947,0.884,1
2.775,1.842,1
2.467,1.115,1
2.787,21.110,-3
2.652,4.786,-2
1.298,1.715,1
1.667,1.244,1
2.230,2.963,-4
2.356,8.561,-2
2.375,2.398,1
2.736,1.535,1
2.547,10.299,-4
1.849,1.803,0
1.836,2.202,0
2.658,8.218,-2
1.829,1.221,1
2.866,1.599,1
2.222,0.844,0
2.789,1.477,0
2.377,1.305,0
2.512,1.126,1
2.169,1.763,1
2.728,6.870,-4
2.063,1.105,1
2.699,12.608,1
2.938,9.274,-2
2.265,1.100,1
2.626,1.659,1
1.876,1.651,0
1.914,1.508,0
2.181,1.757,0
2.773,1.123,0
2.466,5.927,-2
2.533,1.661,0
2.739,1.025,1
2.607,1.006,0
2.385,1.382,1
2.722,15.674,1
1.794,1.049,0
2.293,1.293,1
1.872,8.287,-2
2.623,1.089,0
2.387,1.136,0
2.341,5.955,-2
2.383,1.408,0
2.805,1.738,1
2.988,7.965,-4
1.467,1.180,1
2.355,1.604,1
1.363,1.122,1
2.684,0.935,0
1.457,1.556,1
2.722,1.306,1
2.618,6.357,-2
2.139,1.044,1
2.967,4.469,-2
2.145,1.913,1
2.984,12.449,-2
2.885,1.244,1
2.545,1.241,1
2.311,1.467,0
2.693,1.270,1
2.392,3.389,-2
2.158,2.652,-2
2.201,1.526,1
2.898,7.034,0
2.599,1.204,1
2.308,5.579,-2
2.853,6.121,-2
2.916,5.144,-2
2.149,1.431,0
1.528,1.098,0
1.801,1.707,1
2.512,4.898,1
2.117,1.941,0
2.460,1.625,1
2.968,8.361,1
2.911,7.611,-4
2.200,7.935,-2
2.093,1.139,1
2.993,4.264,-2
2.653,5.474,-4
2.583,1.559,1
2.881,4.113,-2
2.205,1.847,1
2.818,5.357,-2
2.861,7.963,-2
2.944,4.669,0
1.873,1.436,1
1.781,1.095,1
2.625,1.752,1
2.919,1.658,1
2.424,1.212,1
2.061,2.531,1
2.502,1.032,1
2.827,5.794,-2
2.677,1.375,0
2.333,3.221,-4
3.073,1.583,1
3.165,3.296,1
2.815,9.382,-4
2.552,1.959,1
2.494,0.884,0
1.650,1.297,0
2.554,8.682,-2
2.944,14.923,-2
2.412,0.938,0
2.782,4.636,-2
2.389,4.542,-2
2.506,1.141,1
2.776,9.494,-4
2.366,3.417,-4
1.785,2.058,1
2.368,1.049,0
2.355,0.814,0
2.524,6.626,-2
2.818,5.351,0
2.274,1.117,1
2.656,9.650,-2
2.718,1.339,0
2.471,9.183,-2
2.450,1.019,0
2.163,1.419,1
2.917,10.137,-2
2.319,1.953,1
2.733,1.098,1
2.736,2.030,1
2.653,1.268,1
1.894,0.781,0
1.924,0.883,0
2.251,1.117,0
2.656,1.804,0
2.854,0.972,0
1.600,2.216,1
2.915,1.208,1
2.999,1.360,1
1.965,13.172,-2
2.645,0.763,0
2.763,1.114,1
2.618,7.762,-2
2.233,2.376,1
2.291,1.649,1
1.308,1.618,1
2.603,1.389,1
2.606,1.127,0
2.231,1.165,1
2.465,7.882,-2
2.727,2.609,-4
2.827,0.826,0
2.763,2.174,0
2.627,0.964,1
2.876,6.781,-2
2.448,1.385,1
1.720,1.276,1
1.996,4.827,0
2.240,4.673,-2
2.330,2.918,1
2.892,10.477,-2
2.928,1.849,1
2.100,1.418,1
2.525,1.114,1
2.726,1.349,1
2.137,5.461,-2
2.780,1.857,1
2.494,1.242,1
1.610,7.548,0
2.327,1.023,0
2.177,0.919,1
2.686,1.164,0
2.430,1.213,1
2.276,12.735,-2
2.985,1.253,1
2.032,1.695,1
2.601,2.473,0
2.528,1.810,1
2.871,3.530,-2
2.717,1.087,1
2.929,8.519,-2
2.425,1.002,0
2.716,13.769,-2
2.673,1.275,0
2.361,1.552,1
2.572,1.639,1
2.643,4.040,-2
2.715,6.850,-2
2.399,4.668,-4
3.100,8.365,-2
2.137,3.172,-2
2.246,3.003,-4
2.387,1.387,1
2.271,1.327,0
1.354,1.784,1
2.832,1.067,1
1.681,1.298,1
1.819,1.087,1
2.713,7.428,-2
2.477,1.308,0
2.012,1.577,0
3.204,4.984,-2
2.291,2.758,1
2.608,3.028,-4
2.561,3.289,-2
2.285,1.448,1
2.463,12.122,-2
1.810,2.315,1
2.534,1.418,1
2.917,8.375,1
1.958,1.971,1
2.758,1.315,1
2.152,1.877,0
2.550,4.897,1
2.678,2.027,1
2.741,4.571,-2
2.672,9.053,-2
2.227,1.118,1
2.187,1.566,1
2.587,10.405,-4
2.305,1.439,1
2.749,1.761,0
3.034,1.156,1
2.700,1.169,1
2.102,1.820,1
2.927,1.156,1
1.240,1.772,0
2.271,0.915,0
2.701,8.530,1
2.469,5.319,-4
2.841,1.185,0
2.797,10.268,-2
2.931,7.531,-2
2.620,15.975,-2
2.055,5.503,0
2.322,1.308,1
2.262,1.330,1
1.885,3.669,-4
2.135,0.954,0
2.909,2.332,1
2.240,12.661,1
2.468,7.026,-4
2.317,1.219,0
2.382,1.712,1
2.860,9.271,-2
2.162,3.718,0
2.481,5.467,-2
2.287,1.268,1
2.621,10.321,-2
2.054,1.847,0
2.512,2.248,1
2.127,1.413,1
2.361,1.635,1
2.397,0.931,0
2.146,0.863,0
2.319,1.315,1
2.363,1.446,1
2.715,2.137,1
2.368,1.265,1
2.638,7.693,-2
2.742,9.451,-2
2.968,5.576,-2
2.691,4.687,-2
2.654,1.458,0
2.290,2.121,1
2.273,1.521,1
2.441,1.017,1
2.395,1.356,1
2.346,1.570,0
2.875,4.447,-2
2.208,5.715,-2
1.757,2.370,1
3.088,16.958,-3
2.651,2.223,1
2.164,1.872,1
2.798,11.849,-2
2.789,1.599,0
2.929,9.056,-2
2.396,0.887,1
2.647,1.170,0
2.409,1.023,1
2.361,1.011,1
3.156,1.696,1
2.176,1.860,1
2.794,2.741,0
2.053,1.123,1
2.902,1.997,1
2.671,1.810,1
2.725,1.394,1
2.491,0.890,0
2.666,1.013,0
2.771,1.692,1
2.807,1.368,1
2.708,22.240,-3
2.916,11.886,0
2.658,0.978,1
1.951,1.449,1
2.515,6.780,-2
2.309,3.927,-4
3.210,9.742,-2
2.352,1.289,0
2.649,1.150,1
3.000,1.199,1
2.760,1.970,1
2.196,0.975,1
2.541,1.926,1
3.074,1.990,1
2.605,1.372,1
2.754,4.787,-2
2.232,6.339,-4
2.547,1.072,1
2.772,5.461,-2
2.898,9.837,-2
1.806,1.256,1
2.827,1.462,1
2.423,4.994,-4
2.580,4.674,-4
2.134,1.280,1
1.485,1.464,1
2.775,1.373,0
2.573,1.116,1
2.976,1.305,1
2.835,1.693,1
3.006,1.313,0
1.912,3.053,0
2.981,10.816,-2
2.271,1.078,1
2.537,1.072,0
1.781,1.523,1
2.374,0.882,0
2.741,1.531,1
2.287,1.312,1
2.740,2.546,1
2.633,1.636,1
2.961,7.227,-4
2.558,15.028,-2
2.500,1.248,1
2.640,0.940,1
2.899,1.994,1
2.369,1.259,0
2.469,3.345,-2
2.300,1.026,1
2.816,1.715,1
2.398,1.348,1
2.565,0.980,0
2.787,1.200,1
2.916,13.340,-2
2.031,1.853,0
2.758,1.232,1
2.134,1.636,1
2.136,1.186,1
2.731,6.284,-4
2.254,1.359,1
2.404,1.672,0
2.838,1.136,1
2.084,1.824,1
2.799,2.502,1
2.753,4.663,0
2.288,1.546,1
2.313,1.186,1
2.685,6.310,-2
2.689,1.451,0
2.381,0.903,1
2.568,1.099,1
2.888,5.418,-2
2.413,0.895,0
2.655,0.774,0
2.564,3.212,-2
2.506,1.201,0
2.619,0.988,1
2.082,1.347,1
2.595,11.036,-2
2.421,7.390,-2
2.065,0.973,0
2.552,1.243,1
2.704,0.861,0
1.375,1.235,0
2.944,2.171,1
1.502,8.622,-4
2.621,1.565,1
2.400,10.335,-4
2.203,1.105,0
2.135,2.052,0
2.665,6.095,-2
2.187,1.277,1
2.502,14.480,1
2.763,1.304,1
2.656,1.012,0
2.247,1.595,1
2.328,7.535,-2
2.798,1.080,1
2.725,3.672,-2
1.214,1.238,1
2.451,6.389,-4
2.529,17.744,-2
2.800,6.718,-4
2.722,1.561,1
2.653,1.201,1
2.681,1.812,1
2.604,1.947,1
2.265,1.534,1
2.687,1.101,0
2.965,1.382,1
2.345,1.811,1
1.521,2.023,1
2.320,1.918,1
2.504,1.859,0
2.523,1.035,1
2.350,3.381,-4
2.592,1.285,0
2.747,1.066,0
2.498,0.960,0
2.721,0.778,0
2.645,1.611,1
2.740,1.875,1
2.851,32.685,-3
1.930,3.341,-4
2.861,2.270,1
2.781,1.135,1
2.935,12.002,-2
2.456,1.509,1
1.910,2.541,-4
2.450,0.926,1
2.408,1.406,1
3.014,1.444,1
2.929,17.930,-2
2.754,1.178,1
2.433,2.102,1
2.416,1.085,1
2.185,0.832,1
2.339,5.872,-2
2.173,3.786,0
2.523,4.754,-2
2.418,0.841,0
2.381,1.509,0
2.645,0.819,0
2.329,6.720,-2
2.432,1.167,1
2.709,1.319,1
2.202,8.256,-4
2.010,1.435,1
1.916,1.223,1
2.841,1.080,0
2.388,1.383,1
2.296,1.823,1
2.426,1.479,1
2.909,6.255,-4
2.610,8.300,-2
2.693,1.811,0
2.907,10.245,-4
1.851,1.360,1
2.765,7.276,-4
2.888,1.642,1
2.910,1.393,1
2.094,6.728,-4
2.912,14.088,-2
2.289,1.288,1
2.281,1.404,1
2.305,1.284,1
2.730,1.214,1
2.190,3.609,-4
2.222,0.860,0
2.223,3.644,-2
2.438,1.256,1
2.329,1.036,0
2.747,1.103,1
2.835,1.532,1
2.237,1.109,1
1.492,5.194,1
2.213,1.105,1
2.941,0.836,0
2.551,7.697,-2
2.491,1.231,1
1.679,3.666,-4
2.580,1.292,1
2.553,1.063,1
1.966,1.032,0
2.237,1.351,1
2.434,1.284,1
2.600,1.669,1
2.816,6.111,-2
2.748,1.493,1
2.543,1.193,0
1.692,0.969,0
2.663,1.142,1
2.948,9.140,-2
2.777,5.203,-2
2.437,1.543,1
2.675,1.113,0
2.738,1.708,1
2.426,1.154,1
2.252,1.061,1
2.863,3.229,1
2.090,1.886,1
2.402,1.524,1
2.028,1.233,0
1.413,1.583,1
2.764,11.720,-2
2.689,6.845,-4
2.872,1.203,1
2.556,1.067,1
2.061,1.008,0
2.608,5.076,-4
2.840,2.003,1
3.058,1.788,1
1.938,0.822,1
2.778,4.451,-4
2.231,1.227,1
2.862,6.085,-2
2.415,0.973,0
2.204,1.106,0
1.970,1.210,0
2.898,3.768,-2
2.425,1.399,1
2.599,5.158,-2
2.477,1.474,1
2.760,6.100,-2
1.063,1.508,0
2.721,1.235,1
2.814,1.087,1
2.674,1.482,1
2.743,10.556,-2
2.582,1.299,1
2.710,6.400,-2
2.930,5.500,-4
1.947,1.679,1
2.321,1.075,1
2.834,1.171,1
2.526,2.992,-2
2.687,5.368,-4
2.669,2.722,-2
1.867,2.023,1
2.499,1.398,1
2.890,1.417,1
2.620,1.399,1
2.351,1.195,1
2.794,1.067,1
2.696,2.052,1
2.452,2.198,-2
2.454,1.144,0
2.508,1.672,1
2.110,1.774,1
2.659,1.076,1
2.319,3.434,-4
1.828,1.226,1
1.525,4.557,-4
2.119,3.510,1
2.716,7.064,-4
2.848,11.819,-2
2.425,0.873,0
2.111,1.220,1
2.209,2.295,-4
2.844,5.442,-2
2.173,0.964,0
2.184,1.680,1
2.342,1.266,0
2.180,1.257,0
2.835,6.330,-4
2.545,1.348,1
2.395,1.079,1
1.969,1.369,1
2.557,1.053,1
2.205,1.492,1
1.638,0.739,0
2.644,1.132,1
2.247,5.222,-4
2.559,1.114,1
2.948,1.119,0
2.675,7.013,-2
2.880,1.047,1
2.413,1.391,0
2.571,1.326,1
2.011,4.317,-2
2.652,1.480,1
2.755,1.811,1
2.861,19.430,-3
2.185,0.963,1
2.816,1.673,1
2.592,1.469,1
2.776,1.278,1
2.295,1.061,1
2.657,4.517,-2
1.980,1.135,1
2.811,2.889,1
2.647,1.415,1
2.429,1.241,1
2.522,0.905,0
2.598,0.995,1
2.796,0.795,0
2.871,14.701,-2
2.218,1.418,1
2.557,1.443,1
2.381,1.524,1
2.267,1.703,0
2.389,1.170,0
2.312,1.286,0
2.923,7.108,-2
2.465,1.244,1
2.237,1.988,1
2.858,3.817,0
2.716,6.168,-2
2.833,5.309,-2
2.686,1.513,1
2.321,5.991,-2
2.375,1.049,0
2.218,1.386,1
2.504,0.812,0
2.767,1.282,1
1.905,1.817,1
2.774,1.719,1
2.851,7.004,-2
2.625,1.821,1
2.754,5.944,-2
2.389,1.666,1
2.298,4.364,-4
2.864,1.772,1
2.209,1.574,0
2.348,0.985,1
2.507,5.092,-2
2.184,1.112,0
2.375,1.075,1
2.805,1.071,0
2.129,1.356,1
2.328,1.065,1
2.687,1.088,1
2.065,1.208,0
2.980,11.575,-2
2.778,1.710,1
2.681,0.932,1
2.602,1.171,0
2.570,2.294,0
2.842,0.884,0
2.364,1.403,0
2.601,1.321,1
2.266,1.215,1
2.787,7.422,-2
2.251,3.977,-2
2.793,1.245,0
2.727,1.250,1
2.830,1.848,1
2.117,1.085,1
2.737,5.990,-2
2.798,1.106,1
2.842,4.930,-2
2.689,1.209,1
2.235,9.532,-2
1.965,1.127,1
2.272,0.932,0
3.008,3.328,1
2.692,0.993,0
2.394,4.271,-4
2.305,1.297,1
2.626,0.992,0
2.809,1.321,0
2.722,1.139,0
2.931,2.444,1
2.603,1.131,1
2.670,1.539,1
2.287,1.322,0
2.060,1.528,1
2.889,3.800,1
2.815,1.397,1
2.872,11.440,-2
2.420,1.355,0
1.918,1.864,1
2.527,3.002,0
2.775,8.365,-2
2.806,1.209,1
1.348,1.397,0
2.274,2.128,1
2.804,2.931,-2
2.347,1.130,1
2.420,1.205,1
2.982,1.485,1
2.275,1.071,1
2.367,3.720,-4
2.733,4.841,-4
2.299,1.341,1
2.717,1.331,0
2.874,5.493,-2
2.733,5.816,-2
2.827,1.536,1
1.898,0.798,0
2.866,1.307,0
2.802,1.152,1
2.903,4.139,-2
2.323,1.420,0
2.342,5.335,-2
2.466,0.758,0
2.643,1.104,1
2.664,1.302,1
2.287,1.564,1
2.327,0.932,1
3.151,2.115,1
2.746,2.494,0
2.950,2.006,1
2.191,0.856,0
2.355,4.623,-2
2.262,1.606,1
2.514,1.631,1
2.012,5.999,1
2.541,1.400,1
2.514,1.231,1
2.633,1.607,1
2.388,1.736,1
2.872,1.665,1
2.745,11.280,-2
3.074,2.653,1
2.932,6.243,-2
2.332,0.948,0
2.009,1.171,0
2.582,1.054,1
2.785,4.981,1
2.362,2.080,1
1.910,4.913,-2
2.508,1.026,1
2.815,1.209,1
2.718,7.211,1
2.132,2.595,-4
2.848,2.032,1
2.795,1.436,1
2.985,3.277,0
2.482,6.632,-2
2.821,1.228,0
2.215,3.637,-4
2.176,1.053,1
1.326,3.847,-4
2.187,3.243,-4
2.163,4.884,-2
2.497,1.148,1
3.080,10.117,-2
2.065,4.926,-4
2.989,5.438,-2
2.359,1.164,1
2.442,1.258,1
2.486,1.618,1
2.822,1.493,1
2.760,1.374,1
2.175,4.806,-4
2.344,1.013,1
2.396,5.155,-4
1.264,1.435,1
2.390,1.110,1
2.381,1.530,1
2.246,1.186,0
2.629,5.558,-2
2.920,1.238,1
2.772,1.174,1
2.191,0.955,0
2.439,1.031,0
2.783,1.514,1
2.590,1.039,1
2.254,1.340,1
2.399,2.065,1
2.249,1.019,1
2.863,5.855,-2
2.485,1.150,1
1.593,7.136,0
2.749,1.317,1
2.729,25.673,-3
2.877,7.079,-2
2.702,0.822,0
2.223,0.890,0
2.680,4.253,0
2.895,9.921,-2
2.408,1.493,1
1.653,1.527,1
2.809,1.447,1
1.793,2.580,1
2.596,4.987,-2
2.816,1.437,0
2.640,1.337,0
1.789,1.939,1
2.775,3.197,0
2.520,3.554,-4
2.683,1.324,1
2.275,2.040,1
2.454,1.355,0
2.416,1.094,1
2.457,1.232,1
2.884,1.179,1
2.663,1.060,1
2.533,1.110,1
2.318,0.782,0
2.421,1.152,0
2.810,3.359,-4
2.511,1.130,1
2.573,1.469,1
2.925,13.144,-2
1.882,1.643,1
2.735,1.759,1
2.281,1.333,1
2.027,3.279,-4
2.855,7.654,-2
2.830,1.168,1
2.870,1.263,1
2.923,1.751,1
2.696,4.417,0
2.599,5.592,1
2.213,1.644,1
2.482,1.405,1
1.145,1.724,1
2.307,1.149,0
2.082,2.055,1
2.553,1.253,1
2.544,9.212,-2
2.549,1.017,1
2.220,1.090,1
2.489,0.963,1
2.530,1.768,1
2.641,1.162,1
1.776,2.366,1
2.889,6.439,-2
2.645,1.036,1
2.888,1.218,1
2.207,1.233,1
2.728,11.334,-4
2.624,1.135,1
2.270,1.496,1
2.815,1.309,1
2.931,1.545,1
2.115,0.834,0
2.267,0.945,0
2.252,1.783,1
2.754,6.178,-4
1.845,1.412,0
2.538,1.301,1
2.217,2.046,1
3.040,4.617,-2
2.373,5.150,-2
1.962,1.682,0
3.048,1.334,0
2.272,0.775,0
2.690,1.365,1
2.782,1.050,0
2.278,1.023,0
1.878,1.351,1
2.763,11.056,-4
2.207,3.148,-2
1.995,1.431,1
2.900,1.270,1
2.732,1.478,0
2.589,1.022,1
1.670,2.663,1
1.619,1.437,0
2.618,1.643,1
2.628,5.467,-2
2.310,1.077,0
2.627,1.477,1
2.533,1.152,1
2.364,11.051,-2
2.644,1.301,1
2.731,3.526,-2
2.935,17.265,-2
2.112,0.790,0
2.944,6.048,-2
2.218,1.674,1
2.247,1.024,1
1.905,1.915,1
2.331,0.948,0
2.480,1.235,1
2.237,1.050,1
2.706,5.124,-2
2.473,1.088,0
2.273,7.486,-2
2.360,6.595,-2
2.522,2.007,1
2.838,1.235,0
2.616,4.645,-2
2.539,1.447,1
2.497,2.812,-2
2.466,1.216,1
2.330,0.818,0
2.318,1.494,1
2.442,1.169,1
2.822,1.074,1
3.026,5.430,-2
2.166,1.750,0
2.236,1.641,1
2.807,9.376,-4
2.520,1.735,1
1.969,1.415,0
1.578,2.075,0
2.091,4.551,1
2.695,2.426,1
2.723,1.201,1
2.860,11.411,-2
2.761,6.666,1
2.387,1.423,1
2.635,0.967,0
2.899,29.926,-3
2.331,1.709,1
2.706,1.268,1
3.110,1.731,1
2.878,8.617,-2
2.964,7.157,-2
2.436,4.275,-4
2.078,1.588,0
2.722,6.784,-2
2.229,1.245,0
2.892,8.859,-2
2.873,8.676,1
2.880,1.851,1
2.425,1.293,1
3.044,12.171,-2
2.784,1.278,1
2.352,1.321,0
2.389,2.219,-2
2.991,7.249,-2
2.214,1.419,1
2.273,1.091,0
2.751,1.570,1
2.018,1.195,0
2.786,1.537,1
2.869,1.574,0
2.892,12.031,-2
1.686,2.289,0
2.216,1.908,0
2.246,1.897,1
1.994,1.671,1
2.712,1.449,1
2.033,1.426,1
2.429,3.761,-2
2.629,1.429,1
2.362,1.602,1
2.357,1.147,1
2.641,1.358,1
2.959,13.893,-2
2.864,1.144,1
1.816,1.968,0
2.868,1.049,1
2.148,1.331,1
2.754,0.975,0
2.542,4.737,1
1.802,1.367,0
1.644,1.469,1
2.721,6.584,-2
2.862,4.421,1
2.919,1.736,1
2.092,1.056,0
2.321,1.273,1
2.545,17.403,-2
2.246,1.534,0
2.354,11.707,-4
2.786,6.886,-2
2.236,1.658,1
1.888,13.222,-2
2.343,2.659,1
2.474,1.175,1
2.879,6.936,-2
2.891,6.406,-2
2.323,0.996,1
2.196,1.365,1
2.981,6.670,-2
2.458,2.357,1
1.725,1.216,1
2.305,1.267,0
2.422,1.706,1
2.349,1.274,1
2.112,1.456,1
2.551,1.228,1
2.022,3.170,-4
2.742,1.225,1
2.690,1.505,1
2.564,1.468,1
2.564,1.466,1
2.580,2.358,-2
2.261,1.305,1
2.718,0.921,0
2.175,1.776,1
2.187,5.377,1
2.197,3.383,-4
2.921,7.015,-2
2.211,3.246,-2
2.352,1.314,1
2.838,4.214,1
2.754,4.612,1
2.746,4.740,-4
2.720,1.324,1
2.257,1.077,1
2.502,1.841,1
2.231,6.261,-2
2.726,1.132,1
2.757,1.427,1
2.640,4.978,-2
2.096,1.360,0
2.211,1.106,1
2.323,1.112,1
2.293,0.880,0
2.451,2.144,1
2.053,1.806,1
2.657,7.014,-2
1.446,1.010,1
2.510,1.071,0
2.424,1.925,0
2.222,1.405,1
2.788,1.415,1
2.578,5.375,-2
2.695,6.205,-2
2.670,1.271,1
2.829,1.344,1
2.695,1.154,1
2.275,1.016,0
2.330,0.943,0
1.434,2.006,0
2.456,1.847,1
2.141,3.066,1
2.551,6.489,-2
2.778,5.963,-2
2.513,1.607,1
2.473,2.616,1
2.768,1.261,0
2.561,2.174,0
2.397,1.177,1
2.746,6.808,-2
2.871,6.821,-2
2.212,1.177,1
2.584,6.005,0
2.259,1.644,1
2.345,5.471,-2
1.967,1.282,1
2.373,2.528,1
2.286,1.457,1
2.098,2.017,1
2.895,8.075,-2
2.533,5.484,-2
2.911,5.423,-4
2.795,8.736,-4
2.114,1.094,1
2.436,8.070,-2
2.495,1.332,0
2.408,3.304,-2
2.250,1.377,1
2.873,6.227,-2
2.705,1.826,1
2.267,1.946,1
1.387,1.332,1
2.612,1.379,1
2.250,1.139,1
2.408,2.061,1
2.320,4.537,-4
2.695,4.271,-4
2.901,8.043,-2
2.737,0.990,1
2.451,1.561,1
2.729,5.781,-2
2.794,13.708,-2
2.024,9.530,-2
2.194,1.599,1
2.767,8.429,-2
2.879,1.810,1
2.192,1.314,1
2.323,4.156,-4
2.690,1.179,0
2.644,23.165,-3
2.685,23.446,-3
2.450,1.419,1
2.728,1.000,0
2.545,1.129,1
2.669,9.215,-2
2.077,2.344,1
2.667,7.274,1
1.987,1.120,0
2.687,1.313,1
2.234,1.453,1
2.839,1.065,1
1.780,8.457,-2
2.944,15.576,-3
2.798,1.545,1
2.915,1.532,1
2.117,1.323,0
2.516,1.306,1
2.967,6.169,-2
2.876,1.113,0
2.667,5.146,-2
2.639,1.365,1
2.912,1.345,1
2.651,1.061,1
1.489,4.592,-4
2.374,2.568,1
2.212,1.234,1
2.688,1.164,1
2.490,6.156,-2
2.469,1.331,0
2.324,1.119,1
2.690,1.104,1
2.636,1.233,1
2.675,7.617,-2
2.885,6.054,-2
2.780,1.575,0
2.277,1.587,1
2.655,9.969,-2
1.963,1.050,0
2.529,22.607,-2
2.204,4.834,-4
2.301,1.049,0
2.941,6.132,-2
1.721,1.503,0
2.585,1.277,1
2.927,1.429,1
2.485,1.425,1
2.435,1.191,1
2.428,1.026,0
2.360,1.127,1
2.643,1.433,1
2.774,1.151,1
2.908,7.435,-2
2.173,5.331,-2
2.710,1.149,1
2.465,1.314,1
2.246,1.428,1
2.626,1.352,1
2.720,1.345,1
2.280,1.124,1
2.708,3.584,-2
1.894,20.309,-3
1.983,1.304,0
2.897,1.834,1
2.393,5.177,-4
2.554,1.172,0
2.352,4.958,-4
2.705,1.091,1
2.868,1.360,0
2.333,3.085,1
2.805,4.182,0
2.663,1.193,1
2.716,1.191,0
2.708,8.585,-2
2.420,2.758,1
2.670,1.584,1
2.941,1.136,1
2.876,1.327,0
1.977,1.844,1
2.463,0.999,1
2.562,1.098,1
2.629,1.401,1
2.330,1.148,1
2.960,9.550,-2
2.845,8.017,1
2.463,1.381,1
2.786,2.293,0
2.408,4.885,1
2.936,0.883,0
2.046,4.206,-4
2.650,1.531,1
3.129,2.030,1
2.664,1.125,1
2.905,1.387,1
2.347,1.585,1
2.836,5.988,-2
2.037,1.496,0
2.453,1.461,1
2.233,1.321,1
2.753,1.229,1
2.460,1.365,0
2.794,1.111,0
2.239,1.017,1
2.383,2.056,1
2.858,7.554,-2
2.536,18.495,-3
2.817,1.248,1
2.651,1.178,1
2.386,6.774,-2
2.903,2.748,1
2.318,1.902,1
2.394,5.343,-2
2.827,8.356,-2
2.473,0.833,0
2.499,1.357,1
1.451,2.339,1
2.941,11.075,-2
2.201,1.137,1
2.400,1.436,0
2.425,1.007,1
2.324,1.723,1
2.541,5.162,-2
2.289,1.354,1
2.767,1.259,1
2.671,1.033,0
2.416,0.915,0
1.997,1.192,0
2.120,2.509,-2
2.961,7.288,-2
1.995,0.894,1
2.414,1.247,1
2.703,4.876,-2
2.755,1.287,1
2.902,1.410,1
2.644,1.354,1
2.255,4.053,-4
2.100,4.765,1
2.379,2.923,-2
3.029,1.311,1
2.857,1.571,1
2.693,1.382,1
2.313,1.017,0
2.317,1.501,1
2.518,6.140,0
2.810,1.306,1
2.649,6.830,-2
2.724,1.177,1
2.625,7.321,-4
3.006,3.373,0
2.742,1.116,1
1.780,1.186,1
1.775,5.115,1
2.784,22.026,-3
2.973,1.298,1
2.620,2.999,-2
2.268,2.004,1
2.782,19.133,-3
2.244,1.116,0
2.351,1.318,1
1.419,13.967,-4
1.890,1.669,1
3.048,1.276,0
3.073,1.773,1
2.231,1.791,1
1.691,1.224,1
1.745,1.925,0
1.914,0.728,0
2.094,1.658,1
2.929,1.270,1
2.294,1.545,0
2.775,1.247,1
2.598,1.509,0
2.442,1.806,1
2.800,0.902,0
1.374,1.962,1
2.925,1.365,1
2.827,7.624,-2
2.972,1.374,0
2.908,1.618,1
1.714,2.586,-4
2.335,1.004,1
2.502,1.182,1
2.647,1.084,0
2.429,1.389,1
2.033,1.581,0
2.816,1.729,1
2.448,1.104,0
1.236,1.168,1
2.895,2.108,1
2.481,10.892,-2
2.647,12.764,-2
2.975,14.347,-2
2.646,1.357,1
2.459,1.473,1
2.177,1.753,0
2.298,3.839,-2
2.597,1.107,0
2.512,1.243,0
1.651,17.426,-4
2.658,1.533,1
2.117,1.001,0
2.545,1.371,1
2.550,1.196,1
2.363,4.786,1
2.629,1.348,0
2.796,4.998,-2
1.625,1.738,0
2.674,1.460,1
2.092,1.569,0
2.429,3.681,-2
2.453,2.370,1
2.414,9.147,1
2.468,1.155,1
2.295,1.554,0
2.789,1.387,1
3.089,2.146,0
2.456,1.505,1
2.799,7.070,-2
2.239,1.107,0
2.233,1.983,0
2.979,11.739,-2
2.239,1.392,1
2.262,1.167,0
2.803,0.923,0
2.884,5.886,-2
2.855,1.082,1
2.767,1.179,0
2.116,0.935,1
2.561,1.236,0
1.723,1.034,1
2.533,1.355,1
2.134,2.108,1
2.441,2.890,-2
1.716,2.571,1
1.941,1.319,0
2.216,1.090,1
2.856,1.789,1
2.400,1.551,1
2.769,1.347,1
1.719,1.348,0
2.357,5.853,-2
2.986,12.048,-2
2.382,1.356,1
2.138,1.662,1
2.839,1.386,1
2.476,1.487,1
2.639,1.454,1
2.763,1.592,1
2.300,0.950,1
2.330,1.766,1
2.020,1.478,1
2.756,1.829,1
2.940,1.737,0
2.887,1.729,0
2.946,1.684,1
3.082,1.555,1
2.260,1.321,1
2.356,1.924,1
2.406,8.650,-4
2.032,1.358,1
2.155,1.949,0
1.859,1.398,1
2.955,6.925,-2
2.387,0.931,1
2.867,14.911,1
1.922,0.906,1
2.078,0.993,1
2.315,1.519,1
2.256,1.260,1
2.835,5.349,1
2.687,5.191,1
2.328,1.161,1
2.330,1.273,1
2.865,1.514,1
2.186,0.947,0
2.708,1.611,1
3.028,1.232,1
1.981,1.231,1
2.416,1.160,0
2.733,4.902,-4
1.915,1.242,0
2.113,0.989,0
2.080,1.071,1
2.442,1.402,1
2.682,1.229,1
2.714,1.197,1
2.918,4.718,0
2.766,9.258,-2
2.566,1.998,0
2.946,6.495,-4
2.613,1.108,1
2.779,12.982,-4
1.383,1.385,1
2.016,3.229,-2
2.556,4.363,-2
2.627,3.688,-2
2.282,1.044,0
2.520,1.516,1
2.871,23.336,-2
2.288,1.973,0
2.427,2.849,0
2.825,1.471,1
2.482,1.198,1
2.577,1.535,1
2.501,0.787,0
1.665,0.736,1
2.072,3.786,-2
2.701,6.129,-2
2.737,1.052,1
2.292,1.041,0
2.311,1.093,1
2.198,1.529,0
2.985,1.476,1
2.518,3.783,-2
2.031,1.668,0
2.636,1.117,1
3.176,1.520,1
2.199,2.248,0
2.365,1.469,1
2.550,1.243,1
2.303,1.587,1
2.654,0.980,0
2.935,1.883,1
2.589,7.246,-2
2.718,6.622,-2
2.881,1.406,0
2.986,13.575,-2
1.905,1.660,0
2.220,1.031,0
2.500,5.750,-4
1.885,2.039,1
2.985,22.148,-3
2.245,1.062,1
2.143,1.024,0
3.058,1.394,0
1.785,1.532,1
2.293,1.084,1
1.445,1.577,1
2.074,0.976,0
2.625,2.252,-4
2.321,1.050,0
2.618,1.642,1
2.642,3.984,-2
2.112,1.248,1
2.905,1.656,1
2.163,2.099,-4
2.338,1.214,1
2.347,1.113,1
2.734,1.531,1
2.937,7.861,-2
2.832,0.976,0
2.590,0.975,1
1.872,1.550,1
2.345,2.296,-4
2.502,0.992,1
2.374,1.435,1
2.087,1.964,1
2.028,2.847,1
1.900,1.594,1
2.247,1.949,1
2.239,1.218,1
2.538,5.020,-2
2.348,4.363,-2
2.566,4.290,-2
2.365,1.414,0
2.699,1.483,1
2.437,1.502,1
2.341,5.169,-2
2.902,1.055,0
2.467,0.978,0
1.608,1.320,0
2.675,15.730,-3
2.940,5.775,-2
2.723,1.923,1
2.717,1.374,1
2.737,1.918,1
2.803,1.540,1
2.832,2.736,-2
2.827,7.030,-2
2.330,1.262,1
2.921,5.474,-2
2.834,1.301,1
1.840,1.213,1
2.721,1.166,1
2.917,1.383,1
2.661,2.094,1
1.488,0.970,1
2.533,1.557,1
2.967,0.995,0
2.096,2.874,-4
2.759,1.617,1
1.913,1.178,1
2.145,3.302,-4
1.601,1.069,0
2.674,1.309,0
2.380,1.424,0
2.685,8.480,-2
2.870,4.755,-2
2.269,2.407,1
1.808,2.580,1
2.925,2.266,1
1.749,1.102,1
2.383,1.621,1
2.043,10.349,-4
2.103,1.587,1
2.579,2.172,1
2.827,1.037,1
1.914,3.111,-4
2.897,7.047,-2
2.928,3.310,1
2.614,0.992,1
2.537,1.430,1
1.524,1.768,1
2.672,11.180,-2
2.505,1.100,1
2.281,1.030,1
2.617,1.171,1
3.084,6.369,-2
2.249,1.031,1
2.304,1.375,0
2.395,4.336,1
2.234,1.253,1
2.576,3.256,-2
2.440,1.287,1
2.439,1.435,1
2.003,2.342,1
1.985,1.544,1
2.520,26.609,-3
2.208,1.583,0
1.852,1.528,0
1.784,1.813,1
2.125,1.522,0
2.372,1.098,1
2.518,1.160,1
2.691,7.299,-4
2.758,6.786,-4
2.866,1.189,0
2.900,7.455,-2
2.422,1.289,0
2.634,6.676,-2
2.535,9.613,-2
2.828,1.084,1
1.879,2.316,1
2.166,1.976,1
2.585,4.664,-2
2.442,1.890,1
2.703,1.376,1
2.920,6.338,1
2.872,9.744,-2
2.103,1.394,1
2.705,1.245,1
2.440,1.469,1
2.524,1.549,1
2.956,11.203,-2
2.877,1.627,0
2.112,1.199,1
2.490,14.749,1
2.184,3.914,-4
2.732,14.784,-2
2.380,1.072,1
2.145,0.924,0
2.775,0.970,0
1.862,1.375,1
2.372,1.252,1
2.729,1.039,0
2.902,1.380,1
2.337,1.548,1
2.553,1.173,1
2.416,0.881,0
2.966,1.404,1
2.331,1.470,1
2.602,1.453,0
2.384,1.376,1
2.323,1.493,1
2.368,1.421,1
1.576,2.171,1
2.757,4.056,-2
2.328,2.784,0
2.121,1.919,0
2.451,1.800,1
2.233,1.174,1
2.094,1.232,1
2.550,1.064,1
2.744,19.263,-4
2.319,1.001,1
2.556,1.046,1
2.489,1.560,1
2.558,1.445,0
2.582,1.189,1
2.340,1.587,1
1.639,1.673,0
2.305,1.111,1
2.492,5.852,-2
2.469,1.179,0
2.691,1.000,0
2.958,3.379,1
2.867,1.223,1
2.241,1.016,0
2.137,1.055,0
2.582,1.224,1
1.944,1.059,1
2.445,1.199,1
2.017,1.382,1
2.512,1.320,1
2.409,1.295,1
2.475,5.087,-4
2.575,1.190,1
3.007,1.384,0
2.492,1.116,0
2.665,1.022,1
2.437,1.016,0
2.010,1.120,0
1.274,1.852,1
2.797,6.420,-2
2.480,1.259,1
2.451,1.624,1
2.115,1.180,0
1.776,2.055,-2
2.892,10.219,-2
2.814,1.488,1
2.868,1.088,1
2.949,1.907,1
2.537,1.256,1
2.514,14.934,-4
1.915,1.659,1
2.695,10.647,-2
2.693,0.882,0
2.536,1.206,1
2.872,4.415,-2
3.052,11.020,-2
2.232,1.060,0
1.922,1.494,0
2.486,2.193,0
2.307,0.977,0
2.687,1.221,1
2.704,0.957,1
3.036,1.254,1
2.881,4.312,1
2.660,1.402,1
1.434,1.228,1
3.010,1.306,1
1.758,1.272,1
1.652,0.919,1
2.838,10.641,-2
2.523,7.669,-2
2.444,0.951,1
2.426,1.265,1
2.257,1.122,1
2.394,1.066,0
2.716,1.190,1
2.046,1.961,1
2.151,0.829,0
2.498,6.336,-2
2.856,5.223,-2
1.583,1.624,1
2.959,8.668,-2
1.970,2.540,1
2.532,1.281,1
2.580,0.948,0
2.850,1.221,1
2.533,0.916,0
2.121,1.408,0
2.818,8.283,-2
2.342,0.966,0
2.193,1.490,1
2.863,1.209,1
2.790,1.160,1
2.665,8.401,-2
2.384,16.147,-2
2.327,1.336,1
2.193,4.461,-4
2.281,2.434,1
2.704,3.984,1
2.274,1.563,1
1.903,1.056,0
2.517,1.260,0
1.683,4.446,0
2.493,1.302,1
2.650,1.176,0
2.869,3.574,-2
2.187,2.833,-4
2.353,1.619,1
2.440,1.263,0
2.828,1.124,0
1.874,2.812,-4
2.194,1.663,1
2.788,10.377,-2
2.314,1.898,1
2.628,1.108,1
2.571,1.379,1
2.670,1.130,0
2.315,1.143,1
2.681,1.584,1
2.257,0.968,0
2.901,5.060,-2
1.899,1.178,1
2.923,2.318,1
2.745,3.739,-2
2.901,13.529,-2
1.790,1.340,1
2.312,1.166,1
2.216,1.115,0
2.842,7.787,-2
2.653,1.334,1
1.900,1.509,1
2.036,2.067,1
0.981,1.626,0
2.244,1.315,1
2.369,0.997,1
2.574,1.100,1
1.568,1.464,1
2.524,1.396,1
2.803,1.049,0
1.448,1.272,1
2.443,1.303,0
2.357,1.297,1
2.951,25.605,-3
2.408,1.185,1
2.534,18.122,-2
3.012,6.638,-2
2.022,1.914,1
2.690,1.317,1
2.948,9.546,1
2.755,1.302,1
2.784,1.722,1
2.160,2.431,1
2.238,1.234,1
2.237,3.499,0
2.928,5.877,-2
2.519,3.303,1
2.243,1.181,0
1.268,1.528,1
2.504,1.574,0
2.138,0.825,0
2.161,5.810,1
0.993,2.449,1
2.569,11.002,-4
2.760,3.513,-2
1.635,2.238,1
2.839,1.014,1
2.281,1.452,0
2.847,1.386,0
2.756,4.077,-2
2.655,1.252,1
2.469,1.118,0
1.952,3.037,-4
2.723,1.318,1
2.717,1.507,1
2.803,5.937,-2
1.948,1.269,1
1.911,1.702,1
2.619,10.375,-4
1.639,2.102,1
2.652,1.156,0
1.743,18.213,-3
2.911,2.599,1
2.854,1.559,1
2.123,1.592,1
2.692,1.609,0
2.710,1.292,1
2.930,3.563,-4
2.709,5.634,-2
2.310,0.895,0
2.697,1.025,1
2.765,1.514,1
2.886,7.639,-2
2.627,1.452,1
2.940,7.132,-2
2.663,1.499,1
2.337,0.937,0
2.686,1.223,1
2.774,0.874,0
2.571,1.320,1
2.448,5.398,1
2.466,2.526,1
2.951,10.513,-2
3.082,2.671,1
2.900,1.475,1
2.609,1.281,0
2.169,1.391,1
2.691,1.263,1
2.880,1.699,0
2.492,1.505,0
2.641,7.356,-2
2.860,1.155,1
2.896,13.434,-2
2.777,1.427,0
2.421,1.072,1
2.250,1.821,1
2.164,1.455,0
2.233,1.778,1
2.976,2.434,1
1.798,1.781,0
2.399,6.476,-2
2.800,10.363,-4
2.932,1.674,1
2.547,1.017,0
2.581,0.931,0
2.574,1.194,1
2.809,1.258,1
2.406,0.996,1
2.540,1.374,1
2.507,3.522,-2
2.603,2.440,0
2.360,1.256,0
2.252,1.136,1
2.492,0.995,1
2.414,1.247,1
2.209,1.206,1
2.358,3.071,-4
2.123,22.248,-3
2.312,1.182,0
2.252,1.115,1
2.477,0.979,0
3.077,1.428,1
2.856,4.393,-2
2.222,0.982,1
2.802,1.487,1
2.493,1.014,1
2.242,1.428,1
2.417,0.947,0
2.747,7.376,-2
2.798,25.823,-3
2.704,5.601,-2
2.713,1.605,1
2.305,1.122,1
2.917,26.380,-2
2.287,1.796,1
2.674,1.154,1
2.309,3.285,-2
2.260,1.237,1
2.384,4.484,-2
2.368,1.368,1
2.935,10.976,-2
2.516,1.306,1
2.579,5.125,-4
2.289,1.270,1
2.440,2.699,-2
1.329,1.496,1
2.577,1.142,0
2.507,3.728,-4
2.861,4.522,-2
1.861,2.075,1
2.256,0.895,0
2.442,1.182,1
2.410,1.187,0
2.652,6.185,-2
2.369,2.196,1
2.352,1.620,1
2.262,1.916,1
3.124,10.564,-2
2.148,1.239,1
2.234,1.147,0
2.401,0.931,0
2.297,0.999,1
2.936,7.616,-2
2.304,0.962,0
3.018,1.599,1
2.390,21.436,-3
2.212,1.115,1
2.042,6.688,-2
2.796,6.566,-2
2.974,7.270,-2
2.202,5.567,-2
2.952,1.129,0
2.994,11.891,-2
2.766,1.159,1
2.522,1.502,0
2.174,1.071,1
2.698,1.065,0
2.591,9.577,-2
2.240,1.842,1
2.218,1.174,1
2.600,1.114,0
2.113,1.325,1
2.340,1.526,1
2.676,1.169,0
2.683,1.471,1
2.546,2.202,1
2.079,1.393,1
2.427,1.581,0
2.875,1.194,1
2.276,1.554,1
1.958,1.369,1
2.850,0.996,0
3.111,6.645,-2
2.132,1.028,1
1.980,1.154,1
2.260,1.624,1
1.973,1.799,0
2.573,1.745,0
2.886,8.355,-2
2.059,0.956,0
2.714,1.649,0
2.539,17.438,1
2.285,2.724,-4
2.006,2.161,1
2.898,1.499,1
2.663,1.288,1
2.183,0.821,0
2.271,7.890,-2
2.124,3.360,-4
2.297,2.146,1
2.850,8.241,-2
2.597,2.280,1
2.660,1.441,0
2.517,0.976,1
1.922,1.997,1
2.389,0.964,0
2.550,24.489,-3
2.570,1.468,0
2.537,1.725,1
2.121,1.486,1
2.370,1.294,1
2.535,1.663,1
1.879,1.068,1
2.895,1.276,1
2.711,1.341,1
2.461,1.753,1
2.592,1.174,1
2.280,2.777,1
2.615,13.062,-2
2.176,1.103,1
2.753,9.795,-4
2.526,1.692,1
2.754,0.980,0
2.765,1.666,1
2.257,1.165,1
2.769,8.618,-2
1.951,2.722,-4
2.556,1.131,1
1.935,5.819,-2
2.475,2.347,1
2.934,7.378,-4
2.473,3.490,-2
1.862,1.851,1
2.215,1.318,1
2.721,1.774,0
2.875,6.921,-2
2.894,9.574,-4
2.642,4.566,-2
2.186,1.471,1
2.641,1.217,1
2.328,2.142,1
2.858,1.375,1
2.933,3.646,1
1.980,1.532,1
2.875,12.585,-2
2.973,1.364,1
2.673,1.061,1
2.828,2.906,-2
2.217,1.655,1
2.508,1.833,1
2.856,2.047,1
2.724,1.038,1
2.689,3.329,-2
2.463,15.345,-2
2.429,3.111,-4
2.990,11.302,-2
2.842,1.019,0
2.824,1.868,1
2.853,0.863,0
2.770,1.239,1
2.137,7.849,1
2.207,1.357,0
2.142,0.890,0
2.795,1.132,0
2.832,1.306,1
2.468,1.085,1
2.821,1.704,1
2.394,6.964,-2
2.707,4.567,-2
2.676,1.612,0
2.126,3.478,-4
2.433,2.918,-4
1.836,1.439,1
2.187,4.713,1
3.020,1.405,1
2.491,1.589,1
2.205,1.298,1
2.442,3.643,-4
2.639,12.088,-2
1.820,4.236,-4
2.686,1.175,0
2.507,1.627,1
2.836,8.775,-2
2.551,1.257,0
2.907,0.997,0
2.772,1.315,1
2.661,1.084,1
2.887,4.715,-2
2.618,1.477,1
2.914,3.089,1
2.653,1.074,0
2.230,2.733,-4
2.526,1.351,1
2.254,4.558,-4
1.652,3.452,1
2.631,3.477,-4
2.413,1.042,0
2.740,1.019,1
2.711,1.488,1
1.959,1.581,0
2.640,1.208,1
2.618,8.892,-2
2.932,2.706,1
2.311,4.587,0
2.943,4.676,-2
2.900,1.235,0
2.731,1.082,1
1.823,3.068,1
2.385,1.115,1
2.574,3.065,-4
2.498,1.636,1
2.539,2.434,1
2.557,1.486,1
2.892,2.206,1
2.330,1.140,1
2.890,10.296,-2
2.712,27.488,-3
2.410,5.287,1
2.867,9.141,-2
2.367,1.556,1
2.634,1.320,0
2.422,6.827,-2
2.162,0.953,0
2.638,1.096,0
2.479,1.782,1
1.595,1.240,1
2.069,1.217,1
2.226,1.072,1
2.768,1.130,1
2.248,1.018,1
2.152,0.919,0
3.027,1.818,1
2.198,1.166,1
2.392,1.193,1
2.650,6.337,-2
1.953,8.955,-2
2.831,0.912,0
2.480,1.211,1
2.280,1.219,1
2.385,1.146,0
2.631,1.419,1
2.862,1.304,0
2.819,9.587,-4
2.499,1.368,1
2.419,8.805,-2
2.091,1.431,1
1.873,1.129,0
2.216,1.065,1
2.523,1.172,0
2.652,1.147,1
2.787,5.074,1
2.731,3.955,1
2.687,3.180,-2
2.367,0.970,1
2.467,1.807,1
2.854,1.062,0
2.537,1.534,1
2.470,0.974,1
2.944,1.235,0
2.465,5.793,-4
2.366,0.989,0
2.409,1.240,1
2.127,1.742,1
2.767,1.187,1
2.321,3.358,1
2.362,1.226,1
2.764,12.014,-2
2.235,1.078,1
2.773,6.611,-4
2.483,1.018,0
2.852,1.252,1
2.294,1.140,1
3.000,5.685,-2
2.122,2.125,1
2.385,4.606,-2
2.354,2.866,1
2.532,4.477,1
2.673,1.489,1
2.470,7.111,-4
2.721,1.218,1
3.112,1.919,1
1.735,1.496,1
2.505,1.557,0
1.656,1.423,1
2.638,1.387,1
2.673,1.135,1
2.635,9.957,-2
2.203,1.557,1
2.550,3.789,-2
2.624,1.347,0
1.456,4.138,-4
2.956,10.915,-2
2.692,5.056,-2
2.667,1.118,1
2.716,1.330,1
2.636,1.804,1
2.999,1.299,1
1.919,1.317,1
2.653,1.059,0
2.471,1.242,1
2.557,1.280,1
1.870,1.248,0
2.591,1.238,1
2.114,2.037,1
1.894,1.613,1
2.623,10.033,-2
1.423,0.626,0
2.699,25.183,-3
2.894,0.756,0
1.863,1.590,1
2.360,2.593,1
2.886,1.062,1
2.615,0.914,0
2.427,0.885,0
2.321,1.646,1
2.667,1.499,1
2.481,1.194,0
2.537,1.108,1
2.863,1.307,1
2.020,1.508,1
2.186,1.100,1
2.571,1.556,1
2.558,3.391,0
2.417,1.084,1
2.252,1.197,0
2.232,1.131,1
2.426,4.962,-4
2.526,1.292,0
1.975,3.350,1
2.334,1.203,1
2.339,4.682,-4
2.539,5.679,-2
2.693,1.376,1
2.004,1.671,1
3.012,1.668,0
2.981,1.405,1
2.469,1.437,1
2.643,6.474,-2
2.330,1.184,1
2.288,6.226,-4
2.728,8.518,-2
2.747,11.659,-2
2.008,1.568,1
2.794,2.347,1
2.660,16.105,-4
2.142,4.005,-2
2.128,1.617,1
2.008,2.463,1
1.254,2.210,1
2.595,4.008,-4
2.106,7.571,-4
2.421,1.561,1
2.769,5.392,-2
2.856,6.986,-2
2.348,1.715,1
2.156,4.105,-4
2.770,1.664,0
1.764,1.025,1
2.736,1.272,0
1.308,1.336,1
2.649,5.113,-2
2.541,1.536,1
1.945,1.004,1
2.473,1.269,1
2.719,1.860,1
2.509,7.836,-2
2.271,1.821,1
2.936,16.265,-4
2.198,1.685,1
2.922,4.278,-2
2.809,1.611,1
2.665,7.388,-2
2.051,1.308,1
2.732,1.179,1
2.277,0.957,1
2.453,2.907,0
2.815,1.687,0
2.392,4.649,-2
1.521,8.141,1
2.693,1.326,1
2.264,0.940,1
1.657,1.068,1
2.739,2.377,1
2.320,1.803,1
2.341,0.957,0
2.782,9.121,-2
2.622,1.849,1
2.549,1.414,1
1.795,1.649,1
2.144,1.114,1
1.794,1.765,1
1.687,2.186,1
2.073,1.028,0
2.078,0.902,0
2.111,1.181,1
1.972,2.576,1
2.195,1.586,0
1.823,6.826,-4
2.590,4.768,-2
2.407,1.117,1
1.834,2.243,1
2.871,1.577,1
2.226,1.266,1
2.323,1.262,0
2.850,1.026,0
1.836,2.092,1
2.731,2.308,1
2.479,5.666,0
2.521,1.392,1
2.785,1.228,1
2.597,1.211,1
2.718,1.621,0
2.617,6.575,-2
2.440,1.563,1
2.821,1.382,1
2.599,1.002,1
2.884,5.974,-2
2.650,1.173,1
3.085,1.260,0
2.547,1.223,0
2.601,1.154,1
2.772,0.805,0
2.342,1.618,1
2.583,1.604,1
2.780,2.577,1
2.546,1.127,1
2.787,1.812,0
2.277,1.732,1
2.139,1.374,1
2.099,2.094,1
1.860,2.104,1
2.699,1.128,1
2.345,1.185,1
2.265,2.053,1
2.898,1.509,1
2.753,1.006,0
2.691,0.940,0
2.437,1.130,0
2.371,1.172,1
2.168,1.261,1
2.446,0.893,0
2.625,1.437,1
2.861,1.308,1
2.129,1.157,1
2.749,1.126,0
2.797,1.770,0
2.991,1.652,1
2.787,1.147,0
2.280,0.983,1
2.406,1.276,1
2.732,1.423,1
2.812,6.501,-2
2.568,1.330,0
2.945,1.027,0
2.096,0.831,0
2.911,1.076,1
2.459,1.704,1
2.952,5.248,-2
2.282,5.945,-2
2.949,1.562,1
2.678,0.966,0
2.052,1.484,0
1.636,1.136,1
2.295,1.585,0
1.970,1.894,1
2.269,1.790,0
2.321,1.084,0
2.569,1.046,1
2.809,1.423,1
2.682,3.851,0
2.993,1.419,1
2.981,1.621,1
2.646,1.506,1
2.754,0.977,1
2.369,1.131,1
2.106,4.678,-4
2.968,3.945,-2
1.788,1.678,0
2.881,4.920,-2
2.141,1.713,1
2.488,1.051,1
2.693,1.135,0
2.410,1.043,0
2.360,1.257,1
2.950,1.292,1
2.444,1.036,1
2.320,1.205,0
2.406,1.341,0
2.752,7.554,-2
2.547,5.115,-2
2.378,2.583,1
2.364,1.264,1
2.237,1.133,1
2.201,1.298,1
2.392,1.121,0
2.687,0.973,1
2.150,1.067,1
2.903,1.156,1
1.550,1.774,1
2.533,1.493,0
2.559,0.830,0
2.625,9.493,-2
2.765,1.265,1
2.772,1.506,1
2.270,1.124,1
2.926,2.368,1
2.827,1.141,1
2.140,1.247,0
2.622,1.843,1
2.224,0.965,0
2.703,4.538,-2
2.616,1.197,1
2.284,4.962,-2
2.534,5.129,-2
2.886,1.193,1
2.431,3.338,-2
2.888,1.384,1
2.330,1.438,1
2.794,3.765,-2
2.554,1.282,1
2.844,1.842,1
2.435,1.139,1
1.683,1.708,0
2.553,1.676,1
2.634,5.728,-2
2.790,1.022,0
2.773,1.328,1
2.648,1.180,0
2.297,1.480,1
2.651,1.495,1
2.391,1.638,1
2.171,1.522,1
2.981,2.141,1
2.523,0.968,0
2.560,3.425,-2
1.406,2.289,1
2.329,1.165,1
2.662,1.578,1
2.180,2.696,-4
2.273,1.195,1
2.129,3.024,1
2.844,1.362,1
1.681,1.841,1
2.914,12.763,-2
2.983,11.360,-2
2.004,1.451,1
2.302,1.111,1
2.773,7.355,-2
2.983,1.205,1
2.659,1.665,1
2.396,1.140,1
2.651,1.709,1
2.664,1.236,1
2.771,20.867,1
2.907,0.891,0
2.177,3.448,0
2.834,1.298,1
1.864,1.541,1
2.957,1.267,1
2.751,1.431,1
2.326,0.925,1
2.462,0.884,0
2.591,1.915,1
2.811,1.125,0
1.840,5.713,-4
2.531,1.143,1
2.491,0.861,1
2.806,4.523,-2
2.684,5.811,1
2.564,1.052,0
2.623,7.544,-4
2.321,5.270,-2
2.511,2.069,1
2.790,4.937,-2
2.726,0.832,0
2.660,0.966,0
2.696,1.209,0
1.673,1.342,0
2.685,5.525,-2
2.722,6.690,-2
2.714,3.153,-4
2.299,5.283,-4
2.773,1.350,0
2.361,1.171,1
2.393,4.126,-2
2.861,5.705,-2
2.434,1.624,1
2.886,4.997,-2
2.441,9.690,-2
2.575,1.741,1
2.247,2.190,-4
2.948,1.401,1
2.934,21.412,-3
2.400,1.332,1
2.713,7.018,-2
2.809,4.824,-2
2.284,1.140,0
2.378,3.920,-4
2.170,3.827,-4
2.571,3.328,-4
2.609,0.887,0
2.758,11.542,-2
2.302,6.685,-2
2.961,1.533,1
2.434,1.580,0
2.783,0.891,0
1.515,2.089,-4
2.518,0.916,0
2.895,1.515,1
2.145,1.355,0
2.936,1.850,1
2.660,1.237,1
2.435,4.749,-4
2.475,1.038,1
1.667,3.535,0
2.374,32.638,-3
2.319,1.538,1
2.363,3.506,0
1.752,2.022,0
2.821,1.132,1
2.564,3.027,-4
2.651,27.200,-3
2.695,1.323,1
2.234,1.115,1
2.773,0.832,0
1.469,2.022,0
2.896,4.146,-2
2.201,1.636,1
2.684,6.132,-2
2.649,1.176,1
2.897,1.223,1
1.025,1.703,0
2.266,4.364,-4
1.912,1.236,0
2.113,2.260,1
2.466,1.169,1
2.658,1.326,1
2.217,1.547,1
2.438,1.410,1
2.554,7.681,-2
2.864,5.509,-2
2.787,9.099,-4
2.104,1.181,1
2.446,1.545,1
2.442,1.444,1
2.069,0.749,1
2.206,0.920,1
2.890,2.458,1
2.647,1.244,0
2.307,1.163,1
2.192,1.049,0
2.778,1.656,1
1.851,1.422,0
2.964,9.284,-2
2.510,1.234,1
2.833,1.008,0
2.853,6.253,-2
2.450,6.729,-4
2.665,1.243,1
2.773,1.014,0
2.342,1.223,1
2.841,5.615,-2
2.938,7.213,-2
2.614,0.944,0
2.217,1.204,1
2.271,2.006,1
2.336,4.372,-2
2.452,1.582,1
2.444,0.961,0
2.227,1.115,1
2.650,0.869,0
2.802,1.155,0
2.215,1.556,1
2.043,0.841,0
2.690,4.773,-4
2.102,1.397,0
1.515,1.336,1
2.666,5.618,1
2.459,1.436,1
2.783,14.354,-2
2.594,0.998,0
2.590,0.860,0
2.195,1.109,1
1.350,2.228,1
2.178,2.227,0
2.651,1.335,1
2.748,1.721,1
2.494,4.659,1
2.144,1.260,1
2.764,0.789,0
2.203,1.850,1
2.066,2.145,-4
2.876,1.274,0
2.361,0.869,0
2.525,1.279,1
2.290,1.414,0
2.515,4.502,-4
2.344,1.430,1
2.878,1.464,1
2.695,1.376,1
2.734,1.635,1
2.749,0.994,0
1.642,2.312,1
2.862,1.789,0
2.380,1.038,0
2.168,0.913,0
2.581,7.207,-2
2.766,0.975,1
2.135,1.416,1
2.631,4.571,-2
2.208,1.895,1
2.625,1.020,0
2.658,1.315,1
2.757,1.504,1
2.467,1.243,1
2.246,1.276,1
2.488,1.279,1
2.989,11.611,-2
2.902,9.299,-2
2.275,0.996,0
1.815,2.156,-4
2.614,1.255,0
2.594,5.499,-2
2.502,1.442,0
2.555,1.516,1
3.005,2.419,0
2.414,8.580,-2
2.476,0.929,0
2.787,1.092,1
2.993,6.945,-2
2.818,1.020,0
2.573,1.335,1
2.668,1.951,1
2.772,6.428,1
2.967,3.108,-2
1.918,1.508,0
2.308,0.975,0
2.192,0.854,0
2.433,0.968,0
2.527,1.507,1
2.498,6.538,-2
2.658,1.017,0
2.173,1.655,0
2.421,1.621,0
2.142,1.252,1
2.850,4.553,-2
1.696,1.203,1
2.320,1.267,1
2.879,1.544,1
2.581,1.183,0
2.287,1.683,1
2.759,4.845,-2
2.090,1.465,0
2.416,1.216,1
2.637,1.114,1
2.857,4.001,1
2.452,0.996,0
2.841,3.313,-2
2.534,1.395,1
2.717,1.487,1
2.386,1.552,1
2.978,1.752,0
2.457,1.559,1
2.597,2.887,-4
2.860,1.486,1
2.248,1.481,1
2.191,1.137,0
2.617,1.172,0
2.806,9.905,-2
1.948,1.470,1
2.657,1.228,1
2.730,1.650,1
2.457,1.154,1
2.277,1.580,1
2.487,2.257,1
2.782,1.106,1
2.701,1.126,1
2.695,1.029,0
2.928,10.598,-2
2.931,1.194,1
1.533,0.939,1
2.497,2.556,1
2.647,1.762,1
3.206,1.430,0
2.481,1.262,1
2.054,7.454,-4
2.667,1.145,1
1.524,1.929,1
2.846,1.252,1
2.187,1.991,1
2.788,1.132,1
2.913,8.583,1
3.088,1.709,1
1.593,1.561,0
2.308,1.147,1
2.731,1.195,1
2.025,1.084,1
2.598,1.309,1
2.416,1.302,0
2.093,1.334,1
1.682,2.120,1
2.484,1.556,1
2.819,8.264,-2
2.345,1.275,1
2.018,1.260,1
2.558,1.240,1
2.805,6.208,-2
2.443,0.896,0
2.987,14.415,-2
2.775,1.262,1
2.368,1.503,1
2.227,0.966,0
2.853,7.551,-2
2.366,0.975,1
2.454,1.372,1
2.706,10.116,-2
2.586,1.145,1
2.948,15.048,-2
2.079,8.115,-2
2.972,4.572,-2
2.608,0.897,0
2.136,1.127,1
3.034,1.350,0
2.027,1.837,0
2.284,0.946,0
2.188,0.988,0
2.938,19.428,-2
2.120,1.383,1
2.838,1.571,1
2.158,2.071,1
2.656,2.064,1
2.693,2.224,1
2.251,1.437,0
2.570,1.335,1
2.733,1.417,1
2.145,8.869,-2
2.592,1.186,1
2.188,1.233,1
2.132,1.317,0
2.574,1.467,1
2.238,1.628,1
2.555,2.184,1
2.149,1.137,1
2.861,1.461,1
2.829,0.894,0
2.318,2.904,1
2.725,4.343,-2
2.286,1.777,1
2.281,1.138,1
2.781,1.803,1
2.862,1.636,1
2.357,1.055,1
2.366,8.625,-4
2.873,1.283,1
2.356,1.323,1
2.009,10.335,-4
1.907,1.491,1
2.620,1.247,1
2.999,1.267,0
2.365,1.664,1
2.430,1.128,1
2.396,0.953,0
2.290,1.468,1
2.435,1.400,0
2.822,4.698,1
1.095,2.269,1
2.564,1.380,1
2.408,1.579,1
2.346,1.419,1
2.447,12.006,-2
2.368,1.501,1
2.492,1.216,1
2.707,8.366,-2
2.596,2.121,1
2.747,1.142,1
2.163,1.239,0
2.488,1.037,1
2.588,1.145,1
2.976,1.052,0
2.848,1.536,1
2.309,1.075,1
2.197,6.586,-2
2.518,1.239,1
1.675,1.176,1
2.390,1.612,1
2.394,1.112,0
2.479,0.842,0
2.780,3.698,0
2.504,1.341,1
2.571,1.159,1
2.481,1.134,0
2.046,1.260,0
2.855,4.100,-2
2.343,1.578,1
1.827,1.236,1
3.178,1.702,1
2.207,2.378,1
2.336,4.998,-4
2.173,1.498,1
2.798,2.542,1
2.650,24.013,-4
2.544,1.362,1
2.321,1.398,0
2.914,1.272,1
2.130,5.978,-2
2.662,1.094,1
2.650,1.458,0
2.912,1.304,1
2.915,10.935,-4
3.078,2.191,1
1.992,1.166,0
2.988,10.187,-2
2.769,1.190,0
2.381,1.316,1
2.528,4.894,-2
2.269,4.371,-2
2.802,0.959,1
2.956,2.060,0
2.723,1.314,1
2.260,5.994,-4
2.932,12.049,-2
2.601,2.150,1
2.468,1.079,1
2.409,1.311,0
2.728,1.197,1
2.033,1.406,1
2.801,1.287,0
2.554,2.138,0
2.488,1.200,1
2.220,1.216,1
2.715,0.972,0
2.583,11.501,1
2.591,1.080,1
2.024,1.267,0
2.458,1.366,1
2.105,1.769,0
2.749,1.637,0
2.766,1.418,1
2.707,1.261,1
2.866,0.937,1
2.135,1.440,1
2.700,1.251,0
2.817,9.539,-4
2.805,0.971,1
2.146,2.719,-4
2.763,1.355,1
2.593,1.867,1
2.336,1.060,0
2.750,1.260,1
2.215,1.238,1
2.352,1.166,1
2.428,1.540,0
2.398,4.326,-2
2.797,1.418,1
2.824,11.329,-2
2.815,1.529,0
2.990,1.377,1
2.210,1.415,1
2.119,2.930,-4
2.636,1.063,0
2.287,1.097,1
2.782,1.288,1
2.498,0.865,0
2.284,1.108,1
2.062,1.398,0
2.792,5.099,-2
2.648,9.021,-2
2.446,5.054,1
2.550,1.293,1
2.856,11.141,-4
2.690,8.452,-2
2.833,1.280,1
2.759,1.527,1
2.303,1.629,1
2.319,1.609,1
2.891,10.251,-2
2.821,1.294,1
2.897,9.931,-4
1.780,2.026,-4
2.943,1.829,1
2.331,1.082,1
2.833,1.579,1
2.412,1.321,1
2.463,2.216,0
2.775,1.319,1
2.503,1.219,0
2.851,1.632,0
2.070,1.171,1
2.697,2.171,0
1.849,0.900,1
2.849,1.554,1
2.312,5.504,-2
2.914,1.444,1
1.981,1.577,1
2.040,1.391,1
1.842,1.467,1
2.581,7.857,-2
1.960,2.993,1
2.706,1.307,0
2.758,1.150,0
2.045,1.280,1
2.813,1.273,1
2.392,4.512,-2
1.494,1.121,1
2.524,1.576,1
2.671,1.385,1
2.835,9.039,-2
2.520,4.777,-2
1.770,5.372,-2
2.186,2.549,1
2.538,1.772,1
2.825,1.173,1
2.776,1.140,1
1.990,1.996,1
2.759,1.390,1
2.908,1.156,1
1.820,1.382,1
2.339,1.255,0
2.400,1.516,0
2.193,1.276,0
2.705,4.707,-2
2.865,1.230,1
2.377,1.242,1
2.473,1.606,0
2.143,1.331,1
2.475,1.229,1
2.017,1.507,0
2.258,1.214,0
2.382,4.529,-4
2.714,2.699,-2
2.035,3.685,-4
2.739,6.318,-2
2.033,2.400,1
2.381,1.287,1
2.578,0.911,0
2.362,1.170,0
2.403,4.661,-2
3.019,1.168,0
1.667,2.486,0
2.534,1.539,1
2.797,8.905,-2
2.394,1.270,1
2.124,1.446,1
2.864,5.340,-2
2.955,5.588,-2
2.831,8.004,1
2.785,0.880,0
2.378,7.570,-2
2.678,1.452,0
2.322,1.275,1
2.796,11.590,-4
2.266,1.154,1
2.655,1.410,0
1.701,2.624,-4
2.059,1.955,1
2.289,0.951,1
2.920,1.630,0
2.734,1.345,1
2.198,5.998,-4
2.076,1.602,0
2.261,1.235,1
2.023,1.649,1
1.911,1.824,1
2.241,1.249,1
2.591,1.263,0
2.310,6.727,-2
2.933,8.410,-2
2.358,1.916,1
2.221,3.175,-2
2.032,3.537,-4
1.961,2.193,1
2.559,1.717,1
2.456,1.559,1
2.556,1.406,1
1.562,0.966,1
2.737,0.831,0
2.447,2.202,-2
2.617,3.629,-2
2.822,1.655,1
1.843,1.088,1
2.232,1.214,0
2.321,1.416,1
2.365,1.448,0
1.188,1.873,0
2.619,0.958,0
2.807,1.368,0
2.576,5.284,-4
2.951,5.215,-2
2.903,1.388,1
2.512,1.196,1
1.778,1.948,1
2.724,16.676,-2
2.839,1.844,0
2.190,1.216,1
2.544,9.630,-4
2.307,0.911,0
2.865,1.075,0
2.863,1.363,1
2.826,25.034,-3
2.810,4.125,-2
2.592,1.380,1
2.054,1.310,0
2.536,1.782,1
2.361,1.537,1
2.731,1.196,1
2.805,17.658,-2
2.702,1.566,0
2.479,2.812,-4
1.661,4.313,-4
2.861,1.319,1
2.835,1.237,1
1.502,1.353,1
2.656,1.217,1
2.659,1.328,1
2.382,1.144,1
2.869,2.439,1
2.782,5.719,-2
2.907,2.402,1
2.674,1.564,1
2.224,2.296,1
2.751,2.818,1
2.250,0.979,0
2.557,1.482,1
2.625,1.754,1
1.376,1.579,1
2.253,2.978,0
2.197,4.696,-2
2.685,9.221,-2
2.783,1.197,1
2.408,1.619,1
2.626,8.421,-4
1.801,1.356,1
2.304,5.835,-4
2.199,1.195,1
2.121,0.841,0
1.776,1.695,1
2.503,14.195,-2
2.285,1.290,1
2.703,1.382,0
2.399,1.374,1
2.372,1.045,1
2.430,1.066,1
2.927,1.481,1
2.704,1.368,1
2.373,1.020,1
2.479,0.841,1
2.567,7.221,-2
2.231,1.199,0
2.902,1.077,1
2.558,1.255,1
2.772,1.049,1
1.658,2.892,1
2.007,1.446,1
2.891,9.138,-2
2.772,1.471,0
2.690,1.819,0
2.879,1.111,0
2.768,1.653,1
2.147,1.268,1
2.894,4.868,-2
2.214,0.934,0
3.056,1.127,1
1.975,1.350,1
1.844,1.668,1
1.895,1.268,1
2.527,6.068,-2
2.791,15.390,-4
2.956,8.851,-2
2.333,1.232,0
2.443,1.837,1
2.768,1.201,0
2.342,5.768,-2
2.907,8.358,0
2.802,0.919,0
2.331,3.583,1
2.378,1.971,1
2.888,1.127,1
2.262,1.217,0
2.564,1.303,1
2.765,7.812,-2
2.675,1.676,1
1.971,0.910,0
2.581,5.462,1
2.454,1.590,1
2.967,1.377,1
2.942,1.533,1
2.587,1.349,1
2.490,1.128,1
2.759,1.861,0
2.934,2.951,1
2.323,1.457,1
2.251,2.856,1
2.597,1.652,1
1.605,0.894,0
2.832,22.653,-2
2.670,6.351,-2
2.345,0.919,0
2.912,1.392,1
2.144,1.993,1
2.797,2.919,1
2.658,1.511,1
2.208,0.875,0
2.807,1.096,1
2.420,1.330,1
2.562,2.190,1
2.567,3.561,-2
2.697,1.113,1
2.593,1.014,1
2.646,0.999,0
2.850,1.366,1
2.565,1.575,1
2.607,1.433,1
2.065,1.083,0
2.162,1.034,1
2.561,1.920,1
2.406,3.493,-4
2.950,1.058,1
1.807,1.660,0
2.672,3.742,-4
2.933,4.010,-2
2.658,1.065,0
2.510,1.045,0
2.932,26.369,-3
2.016,1.773,1
2.186,9.441,-2
2.725,1.093,1
2.822,1.796,0
2.658,1.031,0
2.729,1.330,0
2.485,1.589,1
1.871,1.159,1
2.255,1.164,1
2.301,1.197,1
2.277,2.861,1
2.611,5.667,-2
2.101,4.922,-2
2.459,8.415,-4
1.851,3.517,1
2.947,11.087,-2
2.215,5.659,-2
2.587,5.182,-4
1.685,1.939,1
2.611,1.184,1
2.273,1.855,1
2.488,5.400,-4
2.500,6.138,-2
2.462,2.022,1
2.602,1.095,1
2.033,11.089,-2
2.552,8.608,-2
1.970,4.222,0
2.640,1.027,0
2.370,1.028,0
2.353,1.074,0
2.657,5.493,-4
2.198,1.095,1
2.146,0.967,1
2.899,3.726,-2
2.658,1.545,1
2.186,4.785,-2
2.844,3.127,0
2.615,1.279,0
2.430,1.110,0
2.543,1.572,1
2.552,5.694,-2
2.816,7.707,-2
2.055,2.734,-4
2.485,7.146,-4
2.638,1.004,0
2.572,1.280,1
2.319,0.859,0
2.693,1.271,1
2.653,4.656,-2
2.450,1.008,0
2.397,4.956,-4
2.477,2.388,-4
2.277,1.209,1
2.677,4.110,-4
2.759,1.395,0
2.283,1.631,1
2.350,1.298,1
2.819,6.006,-2
2.260,0.846,0
2.354,1.195,1
2.910,1.395,1
2.262,1.440,1
3.047,4.516,1
2.747,6.548,-2
2.847,6.512,-2
2.092,1.458,1
2.000,1.635,0
2.271,0.746,0
2.504,1.150,1
2.792,0.964,1
2.522,10.396,-4
2.391,1.011,1
2.538,1.069,1
2.742,1.321,1
2.373,1.347,0
3.040,4.411,0
2.236,1.334,1
2.086,1.184,1
2.808,11.540,-2
2.346,1.400,1
2.453,1.001,0
2.501,2.052,1
2.917,4.471,-2
1.944,1.058,1
2.664,1.333,1
2.859,4.320,-2
2.435,1.038,1
2.238,1.101,1
2.666,0.857,0
2.737,5.568,-2
2.778,1.103,0
2.471,0.840,0
2.534,3.598,-2
2.280,1.218,1
2.302,1.123,1
2.750,3.699,-2
2.715,1.278,1
2.789,5.224,-2
2.350,1.239,1
2.844,1.879,1
2.384,1.370,1
2.344,1.609,1
2.233,3.831,-2
2.278,4.408,1
2.582,2.296,1
2.901,1.342,1
2.548,1.315,1
2.305,5.010,1
1.274,1.888,1
2.498,1.162,0
2.853,1.061,1
2.669,4.284,1
2.637,1.448,1
2.786,1.155,1
2.935,1.240,1
2.039,2.374,1
2.647,4.195,-2
2.832,1.380,1
2.174,1.351,1
2.876,13.643,-2
2.434,5.206,-2
1.620,1.615,1
2.228,1.281,1
2.546,1.383,1
2.977,7.181,-2
2.164,2.354,-4
2.117,1.310,1
2.481,2.201,1
2.823,1.310,1
2.869,3.273,0
2.646,10.619,-2
2.762,1.185,0
2.464,1.250,1
2.503,1.454,0
2.050,3.898,-4
1.958,1.311,1
2.247,1.664,1
2.678,1.317,1
2.803,3.990,0
2.788,2.533,1
2.501,1.448,1
2.654,1.140,0
2.858,7.458,-2
1.615,1.832,0
2.357,1.423,0
2.699,0.975,0
2.492,1.104,0
2.383,7.730,-4
2.782,1.373,1
2.301,4.286,-4
2.223,2.621,1
2.848,1.413,0
2.959,15.271,-2
2.307,1.147,1
2.555,4.895,-2
1.498,1.533,1
1.946,1.494,1
2.616,1.168,0
1.943,1.370,1
2.237,1.134,1
1.803,1.255,0
2.094,0.977,1
2.498,1.556,1
2.734,1.236,1
1.982,0.885,0
2.231,2.483,-4
2.015,1.177,1
2.826,8.026,-2
2.919,4.591,-2
2.885,8.242,-2
2.832,1.094,1
2.798,1.196,1
2.575,1.635,0
2.802,3.952,-2
2.772,1.796,0
2.430,1.296,1
2.905,4.888,-2
2.596,0.903,1
2.623,5.721,-2
2.507,1.262,1
2.881,5.659,1
1.608,1.658,0
2.628,1.527,1
2.573,6.869,-2
2.590,0.894,0
2.461,4.870,-4
1.793,2.517,1
2.170,8.324,-4
1.631,2.792,1
2.640,1.024,1
2.419,1.306,0
2.403,1.525,1
2.643,1.878,1
2.101,1.363,1
2.758,0.895,0
2.876,2.698,1
2.079,0.914,1
2.292,1.021,1
2.284,1.035,1
2.686,1.099,1
2.814,1.789,1
1.399,1.330,1
1.947,2.467,1
2.589,1.233,1
2.570,1.107,1
2.034,0.979,1
2.367,1.110,0
2.010,24.113,-4
2.346,4.548,-2
2.522,1.433,1
1.849,1.564,1
2.296,1.256,1
2.802,1.113,1
2.724,8.437,-4
2.064,3.415,1
2.811,8.990,-2
2.737,1.042,0
2.502,4.874,-4
2.084,1.054,0
2.896,1.697,0
2.305,1.522,1
2.801,1.392,1
2.468,1.678,0
2.767,1.013,0
2.375,1.445,1
2.596,1.363,1
2.501,1.524,1
2.295,1.267,0
2.133,1.256,0
2.835,6.790,-2
2.973,10.398,1
2.304,1.868,1
2.451,1.251,0
2.827,1.090,1
2.825,1.195,0
3.012,2.905,-2
2.798,5.831,-2
2.057,1.603,1
2.382,1.342,1
2.357,0.934,0
2.606,1.670,1
1.944,2.262,-2
2.409,1.445,1
2.599,1.760,1
3.147,4.390,0
1.998,1.444,1
2.900,11.813,-2
2.638,7.870,-2
3.031,1.747,0
2.929,10.856,-2
2.453,3.166,-2
1.471,1.199,1
2.844,7.196,-2
2.943,14.413,1
2.401,1.018,0
2.928,9.187,-2
2.782,5.354,-2
3.055,1.396,1
2.553,1.632,1
2.860,4.914,1
1.759,1.566,1
2.460,1.565,0
2.920,6.798,-2
2.467,1.499,1
2.524,1.585,1
2.141,1.374,0
2.816,23.074,-3
2.173,0.908,0
2.390,1.069,1
2.831,1.536,1
2.777,2.974,1
2.413,3.651,-4
2.314,4.240,-4
3.017,1.412,0
2.804,5.068,-4
2.774,1.431,1
2.631,1.223,1
2.201,0.935,0
1.881,2.896,1
2.497,1.224,1
2.740,1.335,1
2.720,1.861,1
2.155,1.242,1
2.202,1.006,1
2.837,1.047,0
2.143,1.000,0
2.346,0.993,0
2.893,9.600,-2
2.877,1.171,0
2.729,1.078,0
2.537,1.368,1
2.116,1.137,0
2.043,1.161,0
1.713,2.755,1
2.550,1.274,0
2.292,3.103,-4
2.874,19.912,0
2.284,1.011,1
2.104,2.443,-4
2.709,1.912,1
2.467,1.109,0
2.535,0.947,0
2.342,1.474,1
2.168,1.162,1
2.677,3.680,-2
2.252,2.421,1
2.341,1.080,0
2.450,1.137,1
2.628,1.102,1
2.851,10.855,-2
2.138,0.826,0
2.405,0.829,0
2.703,3.190,-2
2.316,0.961,0
1.353,1.430,1
2.996,9.959,-2
2.323,10.138,-4
2.206,1.875,1
2.537,1.447,1
2.394,1.302,1
2.301,1.022,0
2.856,6.326,-2
2.806,1.388,1
2.348,2.895,1
2.959,3.312,1
3.004,1.939,1
2.918,11.928,-2
2.645,1.048,1
2.933,15.723,1
1.763,1.015,0
2.265,1.653,1
2.476,7.800,-2
2.488,3.719,-2
1.966,1.566,1
2.339,1.072,1
2.043,3.002,1
2.856,1.993,1
2.403,1.049,1
2.196,1.118,1
2.169,4.318,-4
2.035,1.344,1
2.815,1.258,1
2.905,1.030,1
2.923,1.273,1
2.251,1.276,1
1.984,1.150,0
2.877,1.558,1
2.727,7.599,-2
2.930,11.306,-2
1.608,1.109,1
2.946,14.232,-2
2.310,1.092,0
2.169,1.671,1
2.706,1.819,1
2.332,1.117,1
1.574,1.046,1
1.604,1.300,0
2.296,1.676,1
2.382,1.104,1
2.477,8.249,-2
2.298,1.217,0
2.252,3.573,0
2.174,5.668,-4
2.807,1.474,1
2.949,1.217,0
2.234,0.939,0
2.897,6.306,-2
2.792,3.096,1
2.104,1.675,1
2.102,4.228,-4
1.787,1.786,1
2.329,1.660,1
2.760,4.429,-2
1.447,1.775,1
2.530,1.051,1
2.144,5.092,-2
1.877,2.176,0
2.912,2.889,1
1.644,3.607,-4
1.616,1.626,1
2.179,1.048,1
2.101,1.236,1
2.472,1.497,1
2.696,1.359,0
2.467,0.820,0
2.615,1.178,0
2.689,1.167,1
2.141,1.080,1
2.877,10.585,-4
2.871,1.544,1
2.930,14.745,1
2.967,1.892,0
2.300,4.822,-2
2.555,5.492,-4
2.690,1.419,1
2.844,15.230,-2
2.135,2.060,1
2.306,1.585,0
2.666,1.151,1
2.426,7.918,-2
2.426,4.263,-2
1.292,1.288,1
2.419,1.636,1
2.008,4.292,-4
2.935,18.586,-2
2.396,9.657,-4
2.033,1.448,1
2.903,9.476,-4
2.443,1.297,0
1.971,8.015,-2
2.182,1.158,0
2.861,1.114,0
2.297,1.458,1
2.740,6.124,-2
2.227,1.471,1
2.172,1.388,1
2.309,1.064,1
2.014,2.074,1
2.564,7.685,-4
1.666,1.376,1
2.376,1.005,1
2.437,1.014,1
2.739,1.221,0
2.462,1.267,1
2.921,1.405,1
2.734,6.589,-2
2.569,24.179,-3
2.696,1.126,0
2.870,3.626,-2
2.848,1.155,1
2.414,1.238,1
2.840,2.388,1
1.980,6.066,1
2.178,1.827,1
2.169,1.998,1
2.777,1.109,1
2.356,3.859,-2
1.476,1.467,0
1.726,1.810,0
2.324,1.255,1
2.621,6.312,-2
2.318,1.886,1
2.696,1.869,0
2.284,4.807,-2
2.011,1.501,1
2.311,0.970,0
2.689,0.942,0
2.465,1.453,1
2.790,1.202,1
1.294,1.797,1
2.913,7.007,-2
2.374,1.219,0
2.631,1.257,1
2.772,1.371,0
2.583,1.088,0
2.516,0.985,1
2.115,2.148,-2
2.768,2.317,1
2.664,1.402,1
2.772,1.259,1
2.734,1.841,0
2.615,0.622,0
2.061,1.394,1
2.454,1.299,1
2.145,0.996,0
2.288,1.307,0
2.315,2.104,0
1.357,1.115,1
2.520,1.301,1
2.251,2.176,1
2.012,1.821,1
1.687,1.356,0
2.750,4.140,-2
2.631,2.649,0
2.239,0.841,0
2.385,2.191,1
2.219,1.179,1
2.666,4.242,-2
2.936,1.508,1
2.570,1.123,1
2.519,1.406,1
2.851,5.374,1
2.709,0.873,1
2.174,15.028,-2
2.206,1.613,1
2.886,7.025,-2
1.927,6.339,-4
2.565,6.064,1
2.335,4.151,-2
2.271,1.552,1
2.507,1.422,1
2.448,3.823,0
2.442,1.922,1
2.684,8.639,-4
2.285,1.359,1
1.985,2.319,1
2.678,5.802,-2
2.787,1.001,1
1.869,0.983,1
2.595,1.104,0
2.078,1.241,1
2.266,1.361,0
1.099,1.563,1
2.765,6.754,-4
2.651,1.240,1
2.346,5.728,-2
2.790,1.267,1
2.886,2.482,1
2.710,1.365,0
2.521,1.034,0
2.523,1.280,0
2.907,5.999,-4
2.943,1.125,1
2.023,4.867,-4
2.348,3.360,-2
1.845,1.399,0
2.250,1.595,1
2.387,1.383,1
2.721,1.150,1
2.753,6.299,-2
1.312,1.156,0
2.656,8.914,-2
2.193,1.758,1
2.419,7.848,-4
2.942,5.816,-2
1.666,2.517,1
2.746,6.640,-2
2.628,1.317,1
2.610,1.033,1
2.602,6.631,-2
2.612,1.365,0
2.147,1.317,1
2.171,1.906,1
2.390,2.052,0
2.605,1.682,1
2.834,1.491,1
2.628,1.211,1
2.351,1.463,1
2.583,1.778,1
2.173,2.020,0
2.200,1.627,0
2.545,3.124,1
1.633,1.208,1
2.433,1.271,0
2.552,8.902,-2
2.063,2.877,-4
3.005,1.292,1
2.498,4.735,-4
2.910,2.533,1
2.920,1.148,1
2.860,8.576,-2
2.593,0.933,0
1.255,1.486,1
2.722,1.852,0
2.962,1.139,1
2.350,1.097,1
2.021,3.390,1
2.522,9.484,-2
2.285,1.150,0
2.165,2.461,1
2.610,1.356,1
2.533,1.417,1
1.672,2.028,1
2.278,3.904,-2
2.883,7.015,-2
2.546,9.608,-2
2.455,4.687,-2
2.566,10.341,-2
2.846,3.595,-2
2.932,6.777,-2
2.342,1.819,1
1.811,1.818,0
2.622,1.182,1
1.544,1.027,1
1.037,1.490,0
2.907,1.479,1
2.734,1.191,1
2.626,7.404,1
2.382,1.125,1
2.818,8.144,-2
2.477,6.994,-4
2.584,1.228,1
2.567,8.633,-2
2.746,1.113,1
2.673,1.699,1
2.718,11.606,-2
2.292,0.885,1
2.795,3.868,-2
2.905,1.789,1
2.262,1.255,1
2.468,1.425,1
1.602,1.696,1
2.867,1.376,0
2.303,3.294,-4
2.644,1.679,1
2.679,12.350,-2
2.733,5.389,-2
1.922,1.088,1
2.745,1.772,1
2.906,1.030,0
2.465,3.501,-4
2.374,1.265,0
2.884,7.029,-2
2.820,0.988,0
2.129,1.392,1
2.185,18.569,-4
2.765,1.410,1
1.379,1.911,1
2.240,5.866,-2
2.433,1.051,0
2.233,1.068,1
2.275,1.480,1
1.754,1.828,1
2.404,1.014,1
2.837,7.251,-4
2.199,1.125,0
2.109,1.267,1
2.245,0.967,0
2.543,3.674,-4
2.546,0.893,0
2.794,6.096,-4
2.527,1.712,0
2.051,3.770,1
2.356,1.119,1
2.087,3.086,-4
2.422,1.271,1
2.951,19.045,-2
2.736,1.001,1
2.842,1.249,1
2.754,2.748,1
2.862,1.436,1
2.952,5.231,-2
2.426,1.905,1
2.141,3.443,-4
2.582,1.291,1
2.893,2.463,1
1.762,1.604,0
2.630,1.272,1
2.939,4.488,0
2.576,1.373,1
2.619,5.397,-2
2.795,1.357,1
2.856,1.964,1
1.741,1.733,0
2.455,1.599,1
2.205,1.059,1
2.341,1.326,1
1.565,2.106,1
1.911,3.426,-4
3.047,9.270,-2
2.810,1.135,1
2.462,1.480,1
2.450,9.999,-2
2.826,1.355,1
2.945,3.989,-2
1.842,1.094,0
1.719,1.173,1
2.564,1.093,0
3.045,1.305,1
2.580,1.198,0
2.934,1.081,1
2.770,1.305,0
2.681,0.900,0
2.636,5.827,0
2.660,1.614,0
2.607,1.305,0
2.106,1.366,0
2.622,1.424,1
2.540,1.361,1
2.531,6.101,-2
1.755,1.770,0
2.725,4.428,1
2.868,1.458,1
2.633,0.977,0
2.540,1.723,1
2.326,1.422,1
2.199,1.283,0
2.378,1.587,1
2.815,5.537,-2
2.401,1.613,1
2.705,1.515,1
2.414,1.242,0
1.938,1.137,1
2.820,8.431,-2
1.889,1.037,0
2.502,1.621,1
2.628,10.252,-2
2.381,1.252,0
2.368,1.241,1
2.199,4.591,-4
2.773,2.693,1
2.361,1.588,1
2.741,8.795,-2
2.291,1.198,1
2.420,2.030,1
2.594,3.595,-2
2.762,1.125,0
1.606,1.604,1
2.458,0.810,0
2.483,1.394,0
2.604,15.194,-2
2.815,10.710,-4
2.693,15.135,-2
3.126,1.536,1
3.029,10.661,-4
2.812,1.227,1
2.780,11.393,-2
2.735,7.033,-2
2.272,1.152,1
2.577,1.359,1
1.768,1.396,1
2.233,1.096,1
2.324,6.948,-2
2.784,10.222,1
2.221,1.243,1
2.470,2.384,1
2.563,1.349,1
3.054,9.820,-2
2.075,1.066,1
2.316,1.314,1
2.768,7.819,-2
2.705,1.085,0
2.821,5.317,-2
2.592,1.045,1
2.187,2.184,1
2.033,1.879,1
2.901,4.035,-4
2.205,1.615,1
2.418,1.235,1
2.522,1.215,1
2.425,1.497,1
2.439,1.110,0
2.781,1.786,1
2.910,10.311,-2
1.480,1.872,1
2.203,1.229,1
2.427,2.163,1
2.767,1.336,1
1.716,2.319,1
2.167,1.229,1
2.972,1.415,1
2.409,1.203,1
2.538,4.893,1
2.612,1.571,0
1.941,1.716,1
2.812,16.807,-2
2.876,12.582,-2
2.736,0.983,0
2.794,3.501,1
1.977,1.106,1
2.230,1.111,0
2.025,1.834,1
2.599,1.611,1
2.831,6.355,-2
2.243,6.147,-2
2.915,7.698,-4
2.879,1.178,1
2.089,1.450,1
2.259,1.422,0
2.873,2.337,1
1.390,1.769,1
2.174,2.022,1
2.238,1.688,1
2.224,1.303,1
2.766,1.431,1
2.619,1.040,0
2.128,0.956,1
2.280,1.163,0
2.072,1.686,1
2.769,0.928,0
2.805,7.233,-2
2.722,1.432,0
2.379,1.554,1
2.194,1.225,1
2.939,2.559,1
2.661,0.995,0
2.353,1.543,1
2.223,0.957,0
1.996,1.045,1
2.238,1.425,0
2.588,1.774,1
1.791,3.843,-4
2.476,1.578,1
2.348,3.707,-2
3.003,1.103,0
2.868,4.166,-2
2.179,0.916,1
2.388,1.168,0
2.201,1.623,0
2.624,20.780,0
2.232,1.801,1
2.186,1.323,1
2.342,1.786,0
2.298,7.611,0
2.405,1.091,1
2.094,1.099,1
2.818,1.085,1
2.556,6.512,-2
2.812,8.426,-2
2.235,1.356,1
2.095,7.243,-4
2.183,0.909,0
1.978,3.791,1
1.814,1.564,1
2.897,6.428,-2
2.529,6.961,-2
2.859,0.917,1
2.517,1.136,0
2.306,1.563,0
2.677,3.331,-2
2.758,1.194,1
2.315,1.246,1
2.666,3.480,-2
2.246,1.898,0
2.728,1.277,1
2.648,1.333,1
2.777,6.577,-2
2.270,1.338,1
2.769,5.496,-2
2.497,1.770,1
2.371,1.141,1
2.496,1.466,1
2.617,2.461,1
1.999,2.881,1
2.739,3.335,1
2.928,4.648,1
2.486,10.375,-2
3.012,1.586,1
2.222,1.357,0
2.175,0.840,0
2.453,5.146,-2
2.730,2.002,1
2.254,1.648,1
2.734,5.822,-2
2.278,1.357,1
2.029,1.185,1
2.278,1.003,0
2.630,4.523,-2
2.442,1.727,1
2.857,3.777,0
2.744,7.444,-2
2.903,1.158,1
2.666,1.098,1
2.854,3.689,0
2.651,12.442,-2
2.869,23.511,-3
2.293,0.842,0
2.719,4.509,-2
2.050,3.352,1
2.808,1.224,0
2.865,5.892,1
1.838,1.335,0
2.274,1.042,1
2.700,1.655,1
2.148,1.966,0
2.321,2.162,1
2.696,1.805,1
2.748,1.468,1
2.107,1.300,1
2.721,1.101,1
2.062,1.414,0
2.210,1.289,0
2.872,1.335,1
2.415,1.432,1
1.980,1.239,1
1.899,2.899,1
2.181,1.140,1
2.854,3.494,-2
2.530,1.327,1
1.991,1.342,0
2.630,10.093,1
1.356,1.438,0
2.603,5.857,-2
2.857,1.300,1
2.319,1.518,0
2.049,1.683,1
2.726,1.128,1
2.681,1.774,1
2.195,2.322,1
2.275,1.156,1
2.735,1.423,1
2.768,1.695,1
2.392,1.786,1
2.059,1.321,1
2.766,11.932,-2
2.933,5.706,-2
2.965,4.398,-2
2.415,10.934,-4
2.619,5.752,-2
2.490,1.221,0
3.054,10.296,-2
2.817,10.494,-2
2.813,8.640,-2
2.961,0.944,0
2.251,1.372,1
2.605,4.762,-4
2.751,1.315,1
1.991,6.405,-2
2.886,5.829,-2
2.310,1.154,1
2.625,1.322,1
2.194,1.244,1
2.810,7.644,-2
2.517,9.206,-2
2.586,1.219,1
2.571,1.371,0
2.430,1.040,0
2.522,1.926,1
2.585,1.142,1
2.708,1.000,0
2.945,0.986,0
2.419,1.197,1
3.123,1.821,1
2.513,1.321,1
2.712,8.668,-4
2.760,1.012,1
2.648,1.073,0
1.953,1.224,0
1.878,1.614,1
2.380,1.024,1
2.802,4.223,-2
2.338,1.713,1
2.758,5.305,-4
2.184,1.427,1
1.968,1.757,1
2.410,1.328,1
2.450,3.573,-4
2.577,0.980,0
2.474,4.178,-2
2.381,1.197,1
2.886,11.699,-2
2.751,1.087,1
2.629,1.063,1
2.990,1.027,0
2.860,1.274,1
2.979,6.731,-2
2.713,1.474,1
2.513,3.367,-2
2.381,1.493,1
2.003,1.922,1
2.680,4.454,-4
2.652,1.928,1
2.834,7.166,-2
2.965,1.265,1
2.881,1.481,1
2.439,1.177,1
2.184,0.950,0
2.344,1.213,1
2.846,8.480,-2
2.085,1.140,0
2.897,11.015,-2
1.716,1.877,0
1.932,2.465,1
2.617,0.993,0
2.963,15.515,-2
2.748,9.882,1
2.188,2.771,-4
2.746,1.248,1
2.320,1.579,1
1.454,1.142,1
2.367,0.962,0
2.618,5.477,-2
2.261,1.117,0
2.680,1.326,1
2.467,1.247,0
2.511,1.713,1
2.990,1.642,1
2.378,6.295,-2
2.227,1.033,1
2.327,11.902,-2
2.069,2.633,1
2.122,7.708,-2
2.033,1.395,1
2.445,1.172,1
2.749,1.155,1
2.473,1.886,1
2.102,1.280,1
2.187,1.466,1
2.873,8.543,-2
2.618,1.644,1
2.122,2.169,1
2.544,1.267,1
2.021,3.497,-4
2.976,9.967,-2
2.116,1.240,1
2.276,1.780,1
2.795,2.358,1
2.371,1.131,1
2.942,10.478,-2
2.963,9.542,-2
2.742,1.237,0
2.573,13.225,-2
2.230,0.964,0
2.559,0.880,0
2.171,2.136,1
1.771,1.384,0
1.891,1.518,1
2.225,2.090,1
2.215,1.370,0
2.930,1.225,1
2.842,5.353,-4
2.053,1.704,0
2.551,1.760,1
2.659,5.070,-2
2.990,10.633,-2
2.646,1.068,1
2.577,1.445,1
2.493,1.730,1
2.434,0.945,0
2.793,1.551,1
2.858,1.122,1
2.916,5.593,0
2.813,1.350,0
2.284,0.959,0
2.785,8.529,-2
2.920,1.105,1
2.343,1.715,1
2.929,2.914,0
2.627,1.185,1
2.473,1.200,0
2.246,1.165,0
2.774,1.047,0
2.356,1.344,1
2.837,8.152,1
2.499,2.224,1
2.778,1.469,1
2.851,1.758,1
2.696,1.351,1
2.837,6.357,-2
2.738,1.383,1
2.587,1.022,0
2.549,0.999,1
2.124,1.511,1
2.189,2.082,1
2.623,8.468,-2
2.485,1.607,1
2.616,5.859,-2
2.705,7.356,-4
2.933,11.788,1
2.806,4.622,0
2.113,2.090,1
2.034,1.371,0
2.815,1.143,1
2.227,1.282,1
2.715,1.255,0
2.568,1.163,1
2.827,1.052,1
2.372,1.252,1
2.423,0.856,0
2.912,7.731,-4
2.714,1.280,1
2.828,4.640,-2
1.885,1.635,0
2.192,1.725,1
2.034,1.722,1
1.903,1.260,0
2.147,14.809,-2
2.590,5.127,-2
2.845,4.960,-2
2.312,1.342,0
2.714,0.951,0
2.714,1.279,1
1.411,1.054,1
2.724,1.235,1
2.387,2.157,1
2.469,1.040,1
2.680,1.366,1
2.227,3.977,-4
2.619,1.183,1
2.641,1.113,0
2.575,9.972,-4
2.673,11.339,-2
2.360,1.373,1
2.120,1.696,1
2.644,1.561,1
2.744,10.541,1
2.627,1.047,0
1.804,1.925,1
2.769,1.654,1
2.560,8.527,-4
2.536,1.994,-4
2.145,7.359,-4
2.221,1.222,0
2.769,2.674,1
2.585,4.143,-2
1.983,0.858,0
2.921,9.370,-2
2.456,1.146,1
2.500,5.655,-4
2.557,0.862,0
2.240,1.390,1
2.659,17.231,-2
2.242,0.989,0
2.806,1.254,1
2.588,1.007,1
2.741,1.324,1
2.726,1.251,0
2.299,6.990,-2
2.834,1.275,0
2.915,13.419,-4
2.722,1.156,1
2.918,12.755,-2
2.607,12.740,-2
2.861,6.831,-2
2.697,1.987,1
2.326,1.282,1
2.953,6.752,-2
2.078,6.979,-4
2.365,1.523,1
2.133,7.340,-2
2.876,5.781,-2
2.245,1.030,1
2.882,9.022,-2
2.439,1.353,1
2.338,0.994,0
2.794,1.769,1
2.318,1.234,0
2.477,1.150,0
2.260,0.928,0
2.295,1.468,1
2.742,1.453,1
2.177,1.211,1
2.365,1.263,1
2.820,1.082,1
2.376,1.045,0
2.878,23.225,-3
2.337,1.102,1
2.676,1.196,1
1.999,10.027,-2
2.383,1.228,1
1.424,0.704,1
2.932,1.586,1
3.066,1.329,0
2.814,8.011,0
2.196,0.958,1
2.229,1.433,1
2.437,1.114,1
2.906,6.170,-2
2.314,0.931,0
2.812,1.318,1
2.541,1.483,1
2.308,1.610,1
2.817,1.146,0
2.721,1.248,1
2.248,1.460,0
2.298,1.112,1
2.378,0.959,1
2.445,1.395,0
2.499,1.344,1
2.433,5.335,-2
2.713,5.189,-2
2.888,1.566,1
2.767,1.856,1
2.274,1.091,0
2.228,1.630,0
2.574,1.774,1
2.258,1.190,1
2.686,1.124,1
2.360,1.055,1
1.752,2.343,1
2.920,8.956,-2
3.045,0.964,0
2.362,1.055,1
2.705,7.912,-4
2.568,2.092,1
2.587,1.366,1
1.605,1.819,1
2.357,1.228,0
2.704,1.291,1
2.203,1.031,0
2.395,1.253,1
2.281,1.245,0
2.290,6.411,-2
2.551,0.952,0
2.488,2.858,-4
2.231,2.089,1
2.533,1.332,0
2.303,1.057,1
2.492,1.311,1
2.330,0.762,0
2.548,1.260,1
2.634,1.190,1
2.805,11.818,-2
1.501,3.122,-4
2.441,5.666,-4
2.588,1.779,1
2.714,1.014,1
1.730,1.719,0
2.306,0.924,0
2.355,1.245,1
2.817,0.922,0
2.638,0.928,0
2.243,0.984,1
2.430,3.230,-4
2.610,0.858,0
2.619,20.008,-3
2.029,3.589,-4
2.359,1.416,1
2.556,1.484,1
2.195,0.800,0
2.698,1.031,1
1.944,1.492,1
2.892,9.146,-2
1.933,5.887,-4
2.725,1.102,1
2.445,1.248,1
2.883,1.483,1
2.933,3.621,-4
2.337,0.945,1
2.127,1.022,0
2.639,1.036,0
2.874,2.228,0
2.238,1.018,1
1.206,1.581,1
2.735,1.454,0
1.491,1.153,0
2.704,1.178,1
2.901,3.444,0
2.574,0.921,0
2.460,1.404,1
1.949,1.258,1
2.638,1.314,1
2.956,8.173,-2
2.303,1.391,1
2.363,1.222,0
2.889,6.012,0
1.814,2.655,-2
2.437,1.609,0
2.568,5.496,-2
2.833,1.184,1
2.899,1.216,1
2.583,1.845,1
2.635,1.901,0
2.801,1.287,1
2.631,2.848,0
2.572,0.924,0
2.262,1.986,1
2.460,0.998,0
2.805,1.496,1
2.885,8.196,1
2.243,1.347,0
1.088,5.561,-4
2.877,1.125,1
2.929,8.052,-4
2.899,9.449,-4
2.897,4.067,1
2.975,1.164,1
2.314,0.968,1
2.941,4.761,-2
2.584,1.115,0
2.702,0.996,0
2.071,11.672,-4
2.338,1.982,1
2.953,24.671,-2
2.716,2.388,1
2.438,5.307,-4
2.254,0.996,0
1.786,2.014,0
2.500,2.226,1
2.565,1.314,0
2.304,1.521,1
2.163,1.088,1
2.811,1.379,1
2.049,1.512,1
2.676,1.302,1
2.505,7.333,-2
2.654,1.053,1
1.595,1.610,1
2.395,5.338,-2
2.474,4.241,-2
2.750,2.069,1
2.223,1.476,1
1.888,1.113,0
2.323,1.156,1
2.523,1.068,1
2.190,1.840,1
1.606,1.941,0
2.916,5.093,0
2.609,1.877,1
2.395,1.317,1
2.144,5.513,-4
2.088,7.002,-2
2.240,2.331,1
2.709,7.408,-2
2.852,6.661,-2
2.971,10.443,-2
3.008,1.347,0
2.854,4.763,-2
2.514,1.328,1
2.474,0.747,0
2.177,1.322,0
2.685,0.982,0
2.709,1.215,0
1.468,1.029,0
1.758,7.771,-4
2.302,1.536,1
2.461,1.446,1
2.932,19.073,-4
1.929,1.939,1
2.806,5.312,-2
2.752,1.179,1
2.497,2.076,1
2.413,1.067,0
2.833,1.294,1
2.617,1.975,0
2.678,0.927,0
2.014,2.760,1
1.889,1.262,0
2.537,4.548,-2
2.774,10.453,1
2.691,5.319,1
2.605,1.193,1
2.460,1.492,1
2.599,1.448,1
2.932,4.976,-2
2.605,1.525,1
2.845,9.108,-2
2.569,3.905,-2
2.325,1.369,1
1.854,2.216,1
2.337,5.696,-2
2.906,4.807,-2
2.423,1.340,1
2.437,2.404,0
2.514,3.721,-4
2.381,1.145,1
2.528,10.624,-2
1.241,4.149,0
2.741,10.510,-2
1.932,1.554,1
2.618,1.250,1
2.469,1.558,0
2.245,1.247,1
2.677,6.670,-2
2.711,8.983,-2
2.558,23.253,-3
2.624,5.021,1
1.684,1.533,1
2.400,0.984,0
2.259,5.231,-2
1.890,23.630,-3
2.220,0.949,1
1.820,2.460,0
2.892,1.581,0
2.861,3.517,-2
2.400,1.310,1
2.734,1.100,0
2.193,1.376,1
2.404,1.311,1
2.065,1.398,0
2.311,1.440,1
2.550,1.323,1
2.076,2.938,-4
2.984,8.240,-2
2.655,0.921,0
2.866,6.831,-2
2.868,4.122,-4
2.769,5.362,-2
2.337,1.958,1
2.515,1.421,1
2.131,1.251,1
2.598,1.220,1
2.799,9.831,-2
2.337,5.665,-4
2.176,4.093,-4
1.504,1.633,1
2.595,0.957,1
2.943,5.499,-2
2.283,2.347,1
2.045,4.856,-2
2.475,1.131,0
2.516,0.949,1
2.763,0.940,1
2.669,1.353,1
2.259,1.950,1
2.482,1.152,0
2.365,1.143,1
2.351,1.436,1
2.436,1.583,1
2.762,11.641,-2
2.728,1.316,0
2.365,7.291,-2
2.928,1.330,1
2.452,0.978,1
2.605,5.292,-2
2.267,1.806,0
2.921,4.229,-2
2.472,1.085,1
1.967,1.250,0
2.347,1.419,1
2.092,1.420,1
2.869,1.385,1
2.798,1.111,0
2.568,1.148,1
2.580,1.356,1
2.600,1.338,0
2.815,25.777,-3
2.615,2.961,-4
2.560,0.912,0
2.825,0.940,0
2.265,5.319,-2
2.321,2.137,1
2.242,1.214,1
2.417,2.107,1
2.608,1.031,1
2.891,12.049,-2
2.191,2.078,-4
2.391,4.513,-4
1.984,1.498,0
2.295,1.405,1
2.716,11.958,-2
2.916,5.131,-2
2.603,1.129,1
2.401,1.287,1
1.970,9.103,-4
2.596,2.500,1
2.581,0.993,1
2.378,1.217,1
2.714,1.270,1
2.723,4.158,-2
2.673,0.971,0
2.769,1.408,1
2.373,1.352,1
2.506,1.194,1
2.366,1.119,1
2.212,1.910,1
2.148,3.242,-4
2.420,1.169,1
2.353,10.342,-2
2.419,4.608,-2
2.946,1.291,1
2.945,3.958,1
2.836,5.982,-4
2.932,20.712,-2
2.340,1.346,1
2.343,1.045,0
2.640,1.471,1
2.903,4.790,1
2.264,4.670,-2
2.195,1.504,1
2.963,2.166,1
2.629,7.051,1
2.551,1.537,1
2.749,4.192,-2
2.807,1.436,1
2.928,4.121,-2
2.498,8.164,-4
2.886,1.247,1
2.431,5.845,-2
2.395,0.868,0
2.936,1.309,1
2.570,0.850,0
2.177,1.375,1
2.374,1.185,1
2.499,0.977,1
2.042,1.828,1
2.832,1.073,0
2.261,1.527,1
2.151,6.749,-4
2.720,2.080,1
2.929,1.790,0
2.005,1.746,1
2.681,0.899,0
2.473,1.241,1
1.878,3.849,0
2.675,5.146,-2
2.631,1.828,1
2.107,1.776,1
2.907,1.929,1
2.821,1.192,0
2.662,1.488,1
2.535,1.581,1
2.472,4.632,-4
2.204,1.288,0
2.318,1.035,0
2.794,5.789,-2
2.766,10.540,-2
2.925,1.525,1
2.651,7.709,1
2.872,1.290,1
2.614,2.073,1
2.282,15.013,1
2.211,1.028,1
2.059,1.578,1
2.388,1.266,0
2.586,2.482,1
2.313,1.144,1
2.705,1.553,1
2.328,2.022,1
2.871,1.400,0
2.818,1.289,1
2.354,1.235,1
2.439,1.203,1
2.806,5.360,-2
2.529,1.484,1
2.765,1.265,1
2.525,1.881,0
2.342,1.208,1
2.622,1.139,1
2.864,1.501,1
2.529,7.226,-2
2.008,1.375,1
2.018,1.264,0
2.288,1.429,1
2.819,1.290,1
2.124,0.927,0
2.217,1.126,0
1.828,1.949,1
1.794,1.393,0
2.346,1.290,1
2.242,1.365,0
2.726,1.137,1
2.304,1.025,1
2.673,1.402,1
3.038,1.645,1
2.776,8.756,-2
2.389,1.418,1
2.222,2.292,0
2.062,1.726,1
2.472,7.669,-2
2.743,1.198,0
2.679,1.185,1
2.194,1.918,0
2.655,4.239,-2
3.224,1.674,1
2.453,5.360,-2
2.609,1.001,1
1.649,2.431,1
2.679,9.718,-4
2.939,12.457,-4
2.409,6.689,-2
2.194,1.237,1
2.385,4.768,-2
2.188,1.879,-4
2.371,7.059,-2
1.589,1.325,0
3.023,1.742,1
2.306,6.072,1
2.897,17.716,-2
2.033,0.981,0
2.820,1.141,1
2.934,1.044,1
2.645,6.036,-2
2.541,2.336,0
2.877,16.573,-4
2.460,1.265,1
1.256,0.923,0
2.853,1.044,0
2.699,1.040,0
2.332,0.999,0
2.347,1.015,0
2.671,7.471,1
2.229,2.669,-4
1.114,5.468,-4
2.115,1.349,1
2.261,1.300,1
2.698,1.077,0
1.950,1.627,1
2.393,4.057,-2
2.935,1.734,1
2.723,9.220,1
2.676,1.792,1
2.449,1.301,0
2.732,10.785,-2
2.153,1.311,1
2.584,1.232,0
2.724,1.330,1
2.399,1.152,0
1.497,7.003,-4
2.236,1.092,1
2.729,6.950,-4
2.845,5.151,-2
2.241,5.496,-4
2.280,1.321,1
2.391,1.029,1
2.012,1.334,1
2.599,4.816,1
2.289,1.222,0
2.555,1.723,1
2.629,1.181,0
2.300,2.001,1
2.371,0.994,1
2.518,1.161,1
2.628,1.257,1
2.552,2.103,1
2.798,1.148,1
2.886,1.100,1
2.385,6.319,-2
2.786,1.224,1
3.086,3.341,1
2.554,1.554,1
2.269,1.295,0
2.894,1.580,1
2.271,4.124,-4
2.534,1.373,1
2.628,1.644,1
2.565,1.041,1
2.759,6.995,-2
2.560,1.069,1
2.577,0.963,0
2.595,6.722,-2
1.830,1.289,1
2.563,9.987,-2
2.318,1.175,1
2.957,10.559,-2
2.584,7.204,-2
2.539,1.183,1
2.697,9.704,-4
2.647,2.145,0
1.412,1.271,1
2.671,21.152,-4
3.058,1.542,1
2.501,3.378,1
2.619,1.454,1
2.805,11.995,-2
2.353,1.292,1
2.526,1.479,1
2.700,1.529,1
2.535,0.901,0
2.936,1.042,0
2.411,3.148,1
2.673,6.798,-2
2.795,1.290,1
2.225,1.724,1
2.820,4.037,-2
2.215,6.379,-4
3.003,2.616,1
2.133,5.808,-2
2.305,3.141,-2
2.249,1.567,1
2.976,5.296,-2
2.441,1.762,1
2.276,5.544,-2
2.710,15.389,-2
2.616,0.878,0
2.128,1.249,1
2.519,1.985,1
1.809,2.535,1
2.414,1.274,1
2.148,1.809,0
2.786,1.119,0
2.833,3.282,-2
2.594,1.335,1
2.831,1.579,1
2.974,5.610,-2
1.574,1.203,0
2.779,5.250,-4
2.770,1.134,0
2.693,1.649,1
2.242,1.305,1
2.075,1.106,0
2.569,1.022,0
2.646,2.882,-2
2.517,1.068,1
2.631,2.761,0
2.184,1.411,1
2.400,1.645,1
2.916,1.289,0
2.734,1.549,1
2.679,3.463,-2
2.548,8.969,-2
2.128,1.086,0
2.864,1.051,0
2.600,1.331,0
2.489,1.086,1
2.315,1.256,0
2.292,6.228,-2
2.274,1.177,1
2.918,3.993,-2
2.574,1.278,0
1.783,1.062,0
2.854,2.539,1
2.892,6.158,-2
2.433,1.168,1
1.565,1.564,1
2.062,1.300,1
2.557,1.709,1
2.859,1.597,0
2.812,1.149,1
2.284,1.656,1
2.049,1.993,0
2.451,1.826,1
2.802,1.179,1
2.312,1.569,1
2.273,2.990,-4
2.642,1.526,1
2.518,1.371,1
2.312,5.477,-2
2.871,5.208,-2
2.680,1.276,0
2.381,0.889,0
2.840,6.486,1
2.661,4.602,-2
2.825,4.114,0
2.314,1.160,1
2.386,10.580,-2
2.360,1.071,1
2.412,3.932,-2
2.778,1.800,1
2.919,1.821,1
2.722,5.213,-2
2.328,1.378,1
2.911,8.344,-2
2.271,1.122,0
2.367,6.174,-2
2.756,6.539,-2
2.115,0.944,0
2.121,1.099,1
2.823,8.698,-2
2.860,1.144,1
2.754,7.076,-2
2.541,4.586,-4
1.928,1.964,1
1.820,5.375,-4
2.762,1.802,1
1.439,1.545,1
2.542,2.017,1
2.789,1.269,1
2.193,1.095,1
3.060,1.617,1
2.233,1.115,1
2.553,1.227,1
2.643,1.086,1
2.936,2.042,1
2.383,5.861,-2
2.638,1.056,1
2.364,1.310,1
2.441,1.134,1
2.477,1.477,0
1.918,3.991,-2
2.277,2.257,-4
2.469,1.490,1
2.540,3.158,-2
2.968,6.644,-2
2.290,1.407,1
2.595,16.071,1
1.934,2.189,1
2.714,1.162,1
2.914,2.342,1
2.590,1.433,1
2.579,1.102,1
2.624,0.995,0
2.575,12.977,1
2.564,1.214,0
2.776,4.692,-4
2.547,0.975,0
1.628,1.510,1
2.054,0.927,0
2.258,6.914,-2
2.228,17.625,-3
2.691,3.734,-2
2.456,1.273,1
2.940,1.014,0
2.203,1.060,1
2.924,1.172,1
2.726,3.601,1
2.596,1.222,1
2.973,1.134,1
2.841,0.905,1
2.505,1.009,0
2.924,1.332,0
2.381,0.902,1
2.739,1.336,1
2.315,1.118,1
2.775,1.183,1
1.922,1.050,0
2.127,4.508,0
1.724,1.613,1
2.781,3.847,0
2.738,7.069,-2
2.205,1.281,1
2.745,1.601,1
3.005,5.317,-2
2.379,1.577,1
2.714,1.388,1
2.268,0.954,1
2.362,1.491,1
2.771,10.921,-2
2.145,5.493,-2
2.902,32.719,-3
2.444,7.132,-4
2.275,1.611,1
2.683,4.936,-2
2.167,1.910,1
2.510,1.842,1
3.003,11.160,-2
2.044,2.643,1
1.534,2.026,1
2.360,13.576,-2
2.338,1.082,1
1.798,1.472,1
2.565,8.253,-4
2.214,1.241,1
2.723,2.084,0
2.535,1.081,0
2.402,0.867,0
2.435,1.027,0
2.925,1.248,1
2.612,0.924,1
2.510,5.199,-2
2.298,1.274,0
2.000,2.043,1
2.452,1.542,1
2.775,2.051,0
2.205,1.155,1
2.756,1.432,1
2.137,9.617,-2
2.114,3.098,-4
2.430,1.546,1
2.784,0.901,0
2.301,1.577,1
2.138,1.068,1
2.975,9.272,-2
2.788,6.373,-2
2.889,17.402,-2
2.580,1.274,1
2.829,1.620,1
1.634,1.276,0
2.336,1.092,0
2.875,1.439,1
2.266,1.378,0
2.107,3.173,-4
2.552,1.324,0
2.166,1.029,1
2.760,2.958,1
2.461,1.315,1
2.563,1.329,1
2.768,1.359,1
2.399,10.891,-2
2.179,1.958,1
1.744,2.189,1
2.208,1.238,1
2.636,1.481,1
2.526,1.317,1
2.764,1.047,0
2.054,1.434,1
2.195,1.327,1
2.613,1.431,1
1.886,5.849,1
2.749,1.008,1
2.875,14.658,-2
2.820,1.840,1
2.790,1.019,1
2.482,3.095,1
2.475,0.875,0
2.774,1.352,1
2.558,1.583,1
2.409,1.741,1
2.579,1.700,1
2.729,5.583,1
2.590,0.846,0
2.623,1.126,1
2.386,1.188,1
2.182,1.218,0
2.751,5.778,-2
2.688,0.881,1
2.382,1.254,1
2.708,1.084,0
2.550,1.202,1
2.605,1.871,1
2.857,1.185,1
2.367,0.886,0
2.584,1.654,1
2.025,3.474,1
2.302,1.326,1
2.863,1.702,0
2.274,1.108,1
2.946,7.821,-2
2.580,1.389,1
2.904,0.918,0
2.872,4.863,-2
2.277,2.151,1
2.575,4.665,-2
2.941,6.560,-2
3.128,6.580,-2
2.866,0.924,1
2.575,0.917,0
2.535,5.458,-2
2.940,1.526,1
2.181,1.436,1
2.812,1.236,1
2.625,7.803,-2
2.700,0.971,1
2.127,1.513,1
2.754,9.802,-2
1.953,1.094,1
1.812,2.280,1
1.943,3.473,-2
2.876,1.882,1
2.321,4.320,1
2.721,1.154,1
2.532,1.097,1
2.067,8.325,-2
2.250,1.475,1
2.788,1.010,0
2.578,5.044,-2
2.339,1.085,1
2.467,1.343,1
1.941,5.576,-2
2.426,1.279,1
2.541,6.151,-2
2.438,1.076,1
2.714,1.869,1
2.340,1.193,0
2.373,0.972,0
2.449,1.281,1
2.112,2.024,1
3.011,1.161,1
2.623,2.918,0
2.586,1.188,1
2.671,1.287,1
2.745,1.836,1
1.655,2.378,1
1.925,1.568,0
2.562,3.200,-2
1.630,1.535,1
2.909,1.321,0
2.839,4.748,0
2.949,1.521,1
2.828,7.400,-2
2.794,1.097,1
2.240,3.070,1
2.561,1.953,1
2.664,6.947,-2
2.449,1.531,1
2.934,1.436,1
2.687,1.302,1
2.772,1.407,1
2.463,10.058,-4
2.870,1.195,1
2.495,1.551,1
2.241,0.949,0
2.273,1.013,0
2.581,1.230,1
2.951,17.631,-2
2.841,1.168,1
2.514,1.191,1
2.756,1.109,0
2.958,3.220,1
2.928,1.992,1
2.870,14.512,-2
2.438,1.000,1
1.431,1.108,1
2.778,3.344,1
2.035,2.089,0
2.170,1.234,1
2.274,1.280,1
2.788,1.017,0
2.595,5.231,-2
2.847,0.817,0
2.344,6.803,-2
2.629,1.166,0
2.081,1.355,1
2.511,0.927,0
2.198,1.487,0
1.744,5.307,-2
1.956,6.573,-4
1.939,2.051,1
2.867,5.369,-4
2.364,1.101,1
2.907,12.075,-2
2.631,2.955,-2
2.864,1.240,1
2.353,1.227,1
2.413,1.495,0
2.953,15.236,1
2.281,1.505,1
2.807,1.537,1
2.602,1.223,0
2.606,1.215,1
2.869,1.290,1
2.851,1.321,0
2.958,1.387,1
2.684,2.730,1
2.215,1.590,1
2.782,5.704,-2
2.749,1.506,1
2.395,1.412,1
2.350,1.149,1
2.170,8.356,-2
2.280,3.690,-4
2.935,8.158,-2
2.337,1.327,1
2.744,7.085,-2
2.741,1.118,1
2.457,1.901,1
2.576,22.280,-3
2.910,1.275,1
2.672,5.395,-2
2.596,1.757,1
2.824,6.217,-2
2.496,2.695,1
2.561,1.310,1
2.274,3.110,-2
2.640,1.222,1
2.460,1.391,0
2.621,1.185,1
2.100,0.969,0
1.617,1.760,0
2.199,1.878,0
2.828,1.259,1
2.227,1.049,0
1.754,1.117,0
2.682,8.745,-2
2.612,1.393,1
2.521,1.196,1
2.269,1.434,1
2.525,1.177,1
2.880,0.961,0
2.796,4.512,-2
2.531,3.130,-2
2.423,3.387,-2
2.519,1.051,0
2.216,6.546,-2
2.984,11.780,-2
2.845,1.921,1
1.823,3.220,-4
3.004,1.399,0
3.015,1.440,1
2.892,8.156,-2
2.312,0.859,0
2.166,1.382,1
2.730,1.112,1
2.950,9.096,-2
2.205,1.076,1
3.060,1.749,1
2.488,1.437,1
2.992,1.290,1
2.201,5.281,-4
2.868,1.171,1
3.185,2.352,1
1.944,1.411,1
1.946,4.564,-4
2.909,11.439,-4
1.678,6.380,-4
1.991,1.165,1
2.981,17.157,1
2.825,1.274,1
2.195,1.412,1
2.743,6.740,-2
2.196,1.721,1
1.964,1.383,1
2.771,0.923,0
2.464,2.443,0
3.143,9.387,-2
2.439,1.346,1
2.129,1.391,1
2.766,11.189,-2
2.812,15.472,1
2.330,1.032,0
2.814,10.865,-2
2.820,1.199,1
2.252,2.878,-2
2.778,1.507,1
1.399,1.371,1
2.939,1.131,1
2.807,1.337,1
2.138,1.841,1
2.838,6.988,-2
2.260,1.306,0
2.231,8.139,-2
2.756,22.776,-3
2.228,1.193,0
2.692,1.722,1
1.860,1.672,1
2.575,4.756,-2
1.883,1.201,1
2.221,3.611,-2
2.270,1.104,1
2.565,1.058,1
2.348,1.609,0
2.580,4.644,-2
2.664,1.213,1
1.554,1.579,0
2.418,2.451,1
2.555,4.539,-4
2.852,1.528,0
2.817,3.608,1
2.518,1.218,1
2.319,1.190,0
2.151,1.276,1
1.899,4.297,-4
2.183,0.799,0
2.312,7.009,-4
2.178,1.463,1
2.855,4.721,-2
2.667,1.544,1
2.199,1.683,1
2.429,0.974,0
2.894,1.322,1
2.730,1.704,0
2.571,1.234,1
2.241,0.930,0
2.659,1.237,1
2.391,1.447,1
2.428,0.931,1
2.860,1.477,1
2.509,0.976,0
2.673,6.772,-4
2.291,1.079,1
2.459,1.274,0
2.485,1.096,1
2.655,1.369,1
2.891,3.927,1
2.740,2.914,-2
2.262,2.564,-4
2.721,1.176,1
2.944,7.110,-2
2.648,4.215,-2
1.731,1.952,1
2.700,4.800,-2
2.312,1.279,0
2.429,3.751,1
3.098,1.293,1
2.612,1.351,1
2.448,1.609,1
2.733,2.927,0
2.174,1.059,0
2.786,5.845,-2
2.798,9.212,-2
3.031,1.391,1
2.304,0.962,0
2.578,1.153,1
2.217,0.934,0
2.502,1.196,0
2.285,6.610,-2
2.622,1.382,0
2.359,1.227,1
1.901,3.352,-4
2.125,1.778,0
2.755,2.750,0
1.949,1.297,1
2.391,11.771,-2
2.871,26.955,-3
1.739,0.850,0
1.755,1.476,1
2.378,2.680,-2
1.569,1.673,0
2.148,0.958,1
2.251,1.919,1
1.706,5.852,-2
2.565,3.588,-2
2.886,16.007,-2
1.739,1.592,1
2.463,1.284,1
3.032,2.584,1
2.453,1.562,1
2.682,2.616,1
2.480,1.563,1
