%% cgpopsMeshHistoryFracsHDdata0.m


cgpopsMeshHistoryFracsHD(1,1) = 2.0000000000000000416333634e-02;
cgpopsMeshHistoryFracsHD(1,2) = 2.0000000000000000416333634e-02;
cgpopsMeshHistoryFracsHD(1,3) = 2.0000000000000000416333634e-02;
cgpopsMeshHistoryFracsHD(1,4) = 2.0000000000000000416333634e-02;
cgpopsMeshHistoryFracsHD(1,5) = 2.0000000000000000416333634e-02;
cgpopsMeshHistoryFracsHD(1,6) = 2.0000000000000000416333634e-02;
cgpopsMeshHistoryFracsHD(1,7) = 2.0000000000000000416333634e-02;
cgpopsMeshHistoryFracsHD(1,8) = 2.0000000000000000416333634e-02;
cgpopsMeshHistoryFracsHD(1,9) = 2.0000000000000000416333634e-02;
cgpopsMeshHistoryFracsHD(1,10) = 2.0000000000000000416333634e-02;
cgpopsMeshHistoryFracsHD(1,11) = 2.0000000000000000416333634e-02;
cgpopsMeshHistoryFracsHD(1,12) = 2.0000000000000000416333634e-02;
cgpopsMeshHistoryFracsHD(1,13) = 2.0000000000000000416333634e-02;
cgpopsMeshHistoryFracsHD(1,14) = 2.0000000000000000416333634e-02;
cgpopsMeshHistoryFracsHD(1,15) = 2.0000000000000000416333634e-02;
cgpopsMeshHistoryFracsHD(1,16) = 2.0000000000000000416333634e-02;
cgpopsMeshHistoryFracsHD(1,17) = 2.0000000000000000416333634e-02;
cgpopsMeshHistoryFracsHD(1,18) = 2.0000000000000000416333634e-02;
cgpopsMeshHistoryFracsHD(1,19) = 2.0000000000000000416333634e-02;
cgpopsMeshHistoryFracsHD(1,20) = 2.0000000000000000416333634e-02;
cgpopsMeshHistoryFracsHD(1,21) = 2.0000000000000000416333634e-02;
cgpopsMeshHistoryFracsHD(1,22) = 2.0000000000000000416333634e-02;
cgpopsMeshHistoryFracsHD(1,23) = 2.0000000000000000416333634e-02;
cgpopsMeshHistoryFracsHD(1,24) = 2.0000000000000000416333634e-02;
cgpopsMeshHistoryFracsHD(1,25) = 2.0000000000000000416333634e-02;
cgpopsMeshHistoryFracsHD(1,26) = 2.0000000000000000416333634e-02;
cgpopsMeshHistoryFracsHD(1,27) = 2.0000000000000000416333634e-02;
cgpopsMeshHistoryFracsHD(1,28) = 2.0000000000000000416333634e-02;
cgpopsMeshHistoryFracsHD(1,29) = 2.0000000000000000416333634e-02;
cgpopsMeshHistoryFracsHD(1,30) = 2.0000000000000000416333634e-02;
cgpopsMeshHistoryFracsHD(1,31) = 2.0000000000000000416333634e-02;
cgpopsMeshHistoryFracsHD(1,32) = 2.0000000000000000416333634e-02;
cgpopsMeshHistoryFracsHD(1,33) = 2.0000000000000000416333634e-02;
cgpopsMeshHistoryFracsHD(1,34) = 2.0000000000000000416333634e-02;
cgpopsMeshHistoryFracsHD(1,35) = 2.0000000000000000416333634e-02;
cgpopsMeshHistoryFracsHD(1,36) = 2.0000000000000000416333634e-02;
cgpopsMeshHistoryFracsHD(1,37) = 2.0000000000000000416333634e-02;
cgpopsMeshHistoryFracsHD(1,38) = 2.0000000000000000416333634e-02;
cgpopsMeshHistoryFracsHD(1,39) = 2.0000000000000000416333634e-02;
cgpopsMeshHistoryFracsHD(1,40) = 2.0000000000000000416333634e-02;
cgpopsMeshHistoryFracsHD(1,41) = 2.0000000000000000416333634e-02;
cgpopsMeshHistoryFracsHD(1,42) = 2.0000000000000000416333634e-02;
cgpopsMeshHistoryFracsHD(1,43) = 2.0000000000000000416333634e-02;
cgpopsMeshHistoryFracsHD(1,44) = 2.0000000000000000416333634e-02;
cgpopsMeshHistoryFracsHD(1,45) = 2.0000000000000000416333634e-02;
cgpopsMeshHistoryFracsHD(1,46) = 2.0000000000000000416333634e-02;
cgpopsMeshHistoryFracsHD(1,47) = 2.0000000000000000416333634e-02;
cgpopsMeshHistoryFracsHD(1,48) = 2.0000000000000000416333634e-02;
cgpopsMeshHistoryFracsHD(1,49) = 2.0000000000000000416333634e-02;
cgpopsMeshHistoryFracsHD(1,50) = 2.0000000000000000416333634e-02;
cgpopsMeshHistoryFracsHD(2,1) = 2.0000000000000000416333634e-02;
cgpopsMeshHistoryFracsHD(2,2) = 2.0000000000000000416333634e-02;
cgpopsMeshHistoryFracsHD(2,3) = 2.0000000000000000416333634e-02;
cgpopsMeshHistoryFracsHD(2,4) = 2.0000000000000000416333634e-02;
cgpopsMeshHistoryFracsHD(2,5) = 2.0000000000000000416333634e-02;
cgpopsMeshHistoryFracsHD(2,6) = 2.0000000000000000416333634e-02;
cgpopsMeshHistoryFracsHD(2,7) = 2.0000000000000000416333634e-02;
cgpopsMeshHistoryFracsHD(2,8) = 2.0000000000000000416333634e-02;
cgpopsMeshHistoryFracsHD(2,9) = 2.0000000000000000416333634e-02;
cgpopsMeshHistoryFracsHD(2,10) = 6.6666666666666670945651241e-03;
cgpopsMeshHistoryFracsHD(2,11) = 6.6666666666666670945651241e-03;
cgpopsMeshHistoryFracsHD(2,12) = 6.6666666666666670945651241e-03;
cgpopsMeshHistoryFracsHD(2,13) = 2.0000000000000000416333634e-02;
cgpopsMeshHistoryFracsHD(2,14) = 2.0000000000000000416333634e-02;
cgpopsMeshHistoryFracsHD(2,15) = 2.0000000000000000416333634e-02;
cgpopsMeshHistoryFracsHD(2,16) = 2.0000000000000000416333634e-02;
cgpopsMeshHistoryFracsHD(2,17) = 2.0000000000000000416333634e-02;
cgpopsMeshHistoryFracsHD(2,18) = 6.6666666666666670945651241e-03;
cgpopsMeshHistoryFracsHD(2,19) = 6.6666666666666670945651241e-03;
cgpopsMeshHistoryFracsHD(2,20) = 6.6666666666666670945651241e-03;
cgpopsMeshHistoryFracsHD(2,21) = 2.0000000000000000416333634e-02;
cgpopsMeshHistoryFracsHD(2,22) = 2.0000000000000000416333634e-02;
cgpopsMeshHistoryFracsHD(2,23) = 2.0000000000000000416333634e-02;
cgpopsMeshHistoryFracsHD(2,24) = 2.0000000000000000416333634e-02;
cgpopsMeshHistoryFracsHD(2,25) = 2.0000000000000000416333634e-02;
cgpopsMeshHistoryFracsHD(2,26) = 2.0000000000000000416333634e-02;
cgpopsMeshHistoryFracsHD(2,27) = 2.0000000000000000416333634e-02;
cgpopsMeshHistoryFracsHD(2,28) = 2.0000000000000000416333634e-02;
cgpopsMeshHistoryFracsHD(2,29) = 2.0000000000000000416333634e-02;
cgpopsMeshHistoryFracsHD(2,30) = 2.0000000000000000416333634e-02;
cgpopsMeshHistoryFracsHD(2,31) = 2.0000000000000000416333634e-02;
cgpopsMeshHistoryFracsHD(2,32) = 2.0000000000000000416333634e-02;
cgpopsMeshHistoryFracsHD(2,33) = 2.0000000000000000416333634e-02;
cgpopsMeshHistoryFracsHD(2,34) = 2.0000000000000000416333634e-02;
cgpopsMeshHistoryFracsHD(2,35) = 2.0000000000000000416333634e-02;
cgpopsMeshHistoryFracsHD(2,36) = 2.0000000000000000416333634e-02;
cgpopsMeshHistoryFracsHD(2,37) = 2.0000000000000000416333634e-02;
cgpopsMeshHistoryFracsHD(2,38) = 2.0000000000000000416333634e-02;
cgpopsMeshHistoryFracsHD(2,39) = 6.6666666666666670945651241e-03;
cgpopsMeshHistoryFracsHD(2,40) = 6.6666666666666670945651241e-03;
cgpopsMeshHistoryFracsHD(2,41) = 6.6666666666666670945651241e-03;
cgpopsMeshHistoryFracsHD(2,42) = 2.0000000000000000416333634e-02;
cgpopsMeshHistoryFracsHD(2,43) = 2.0000000000000000416333634e-02;
cgpopsMeshHistoryFracsHD(2,44) = 2.0000000000000000416333634e-02;
cgpopsMeshHistoryFracsHD(2,45) = 2.0000000000000000416333634e-02;
cgpopsMeshHistoryFracsHD(2,46) = 2.0000000000000000416333634e-02;
cgpopsMeshHistoryFracsHD(2,47) = 2.0000000000000000416333634e-02;
cgpopsMeshHistoryFracsHD(2,48) = 2.0000000000000000416333634e-02;
cgpopsMeshHistoryFracsHD(2,49) = 2.0000000000000000416333634e-02;
cgpopsMeshHistoryFracsHD(2,50) = 2.0000000000000000416333634e-02;
cgpopsMeshHistoryFracsHD(2,51) = 2.0000000000000000416333634e-02;
cgpopsMeshHistoryFracsHD(2,52) = 2.0000000000000000416333634e-02;
cgpopsMeshHistoryFracsHD(2,53) = 2.0000000000000000416333634e-02;
cgpopsMeshHistoryFracsHD(2,54) = 2.0000000000000000416333634e-02;
cgpopsMeshHistoryFracsHD(2,55) = 2.0000000000000000416333634e-02;
cgpopsMeshHistoryFracsHD(2,56) = 1.9999999999999216321322493e-02;
cgpopsMeshHistoryFracsHD(3,1) = 2.0000000000000000416333634e-02;
cgpopsMeshHistoryFracsHD(3,2) = 2.0000000000000000416333634e-02;
cgpopsMeshHistoryFracsHD(3,3) = 2.0000000000000000416333634e-02;
cgpopsMeshHistoryFracsHD(3,4) = 2.0000000000000000416333634e-02;
cgpopsMeshHistoryFracsHD(3,5) = 2.0000000000000000416333634e-02;
cgpopsMeshHistoryFracsHD(3,6) = 2.0000000000000000416333634e-02;
cgpopsMeshHistoryFracsHD(3,7) = 2.0000000000000000416333634e-02;
cgpopsMeshHistoryFracsHD(3,8) = 2.0000000000000000416333634e-02;
cgpopsMeshHistoryFracsHD(3,9) = 2.0000000000000000416333634e-02;
cgpopsMeshHistoryFracsHD(3,10) = 6.6666666666666670945651241e-03;
cgpopsMeshHistoryFracsHD(3,11) = 6.6666666666666670945651241e-03;
cgpopsMeshHistoryFracsHD(3,12) = 6.6666666666666670945651241e-03;
cgpopsMeshHistoryFracsHD(3,13) = 2.0000000000000000416333634e-02;
cgpopsMeshHistoryFracsHD(3,14) = 2.0000000000000000416333634e-02;
cgpopsMeshHistoryFracsHD(3,15) = 2.0000000000000000416333634e-02;
