%% cgpopsResultsMatMatdata.m


cgpopsResultsMatMat(1,1) = 0.0000000000000000000000000e+00;
cgpopsResultsMatMat(1,2) = 4.0000000000000000000000000e+01;
cgpopsResultsMatMat(1,3) = 5.4000000000000000000000000e+01;
cgpopsResultsMatMat(1,4) = 1.8992100000000000648014975e-01;
cgpopsResultsMatMat(1,5) = 3.1724730000000000984528015e+00;
cgpopsResultsMatMat(1,6) = 4.4961857245679709427221837e-01;
cgpopsResultsMatMat(1,7) = 0.0000000000000000000000000e+00;
cgpopsResultsMatMat(1,8) = 1.1906982064774041714655308e-321;
cgpopsResultsMatMat(1,9) = 4.8036570365446237683241418e-310;
cgpopsResultsMatMat(2,1) = 0.0000000000000000000000000e+00;
cgpopsResultsMatMat(2,2) = 5.0000000000000000000000000e+01;
cgpopsResultsMatMat(2,3) = 6.0000000000000000000000000e+01;
cgpopsResultsMatMat(2,4) = 2.8452399999999999913313786e-01;
cgpopsResultsMatMat(2,5) = 4.1929970000000000851514415e+00;
cgpopsResultsMatMat(2,6) = 2.4211187598230501372142953e+00;
cgpopsResultsMatMat(2,7) = 0.0000000000000000000000000e+00;
cgpopsResultsMatMat(2,8) = 9.3329000499411472194953845e-321;
cgpopsResultsMatMat(2,9) = 0.0000000000000000000000000e+00;

