%% cgpopsMeshHistoryMaxErrHDdata.m


cgpopsMeshHistoryMaxErrHD(1,1) = 0.0000000000000000000000000e+00;
cgpopsMeshHistoryMaxErrHD(1,2) = 0.0000000000000000000000000e+00;
cgpopsMeshHistoryMaxErrHD(1,3) = 0.0000000000000000000000000e+00;
cgpopsMeshHistoryMaxErrHD(1,4) = 0.0000000000000000000000000e+00;
cgpopsMeshHistoryMaxErrHD(1,5) = 0.0000000000000000000000000e+00;
cgpopsMeshHistoryMaxErrHD(1,6) = 0.0000000000000000000000000e+00;
cgpopsMeshHistoryMaxErrHD(2,1) = 1.0483360913288750377593145e-09;
cgpopsMeshHistoryMaxErrHD(2,2) = 1.2060411495516131094305003e-10;
cgpopsMeshHistoryMaxErrHD(2,3) = 1.3767786281024013253011018e-09;
cgpopsMeshHistoryMaxErrHD(2,4) = 1.2498335754698751048751334e-09;
cgpopsMeshHistoryMaxErrHD(2,5) = 1.4438478627724124690093297e-10;
cgpopsMeshHistoryMaxErrHD(2,6) = 1.4529800972335129621157231e-09;

