%% cgpopsMeshHistoryTimesHDdata0.m


cgpopsMeshHistoryTimesHD(1,1) = 0.0000000000000000000000000e+00;
cgpopsMeshHistoryTimesHD(1,2) = 1.0282329667676393114561506e-02;
cgpopsMeshHistoryTimesHD(1,3) = 2.8595841518816333959307485e-02;
cgpopsMeshHistoryTimesHD(1,4) = 4.4134008235512833806524213e-02;
cgpopsMeshHistoryTimesHD(1,5) = 4.8423771329503262350613113e-02;
cgpopsMeshHistoryTimesHD(1,6) = 5.8706100997179655465174619e-02;
cgpopsMeshHistoryTimesHD(1,7) = 7.7019612848319596309920598e-02;
cgpopsMeshHistoryTimesHD(1,8) = 9.2557779565015874112532401e-02;
cgpopsMeshHistoryTimesHD(1,9) = 9.6847542659006302656621301e-02;
cgpopsMeshHistoryTimesHD(1,10) = 1.0712987232668269577118281e-01;
cgpopsMeshHistoryTimesHD(1,11) = 1.2544338417782263661592879e-01;
cgpopsMeshHistoryTimesHD(1,12) = 1.4098155089451913646314551e-01;
cgpopsMeshHistoryTimesHD(1,13) = 1.4527131398850956500723441e-01;
cgpopsMeshHistoryTimesHD(1,14) = 1.5555364365618595812179592e-01;
cgpopsMeshHistoryTimesHD(1,15) = 1.7386715550732589896654190e-01;
cgpopsMeshHistoryTimesHD(1,16) = 1.8940532222402217676915370e-01;
cgpopsMeshHistoryTimesHD(1,17) = 1.9369508531801260531324260e-01;
cgpopsMeshHistoryTimesHD(1,18) = 2.0397741498568899842780411e-01;
cgpopsMeshHistoryTimesHD(1,19) = 2.2229092683682905029485255e-01;
cgpopsMeshHistoryTimesHD(1,20) = 2.3782909355352532809746435e-01;
cgpopsMeshHistoryTimesHD(1,21) = 2.4211885664751575664155325e-01;
cgpopsMeshHistoryTimesHD(1,22) = 2.5240118631519214975611476e-01;
cgpopsMeshHistoryTimesHD(1,23) = 2.7071469816633231264546566e-01;
cgpopsMeshHistoryTimesHD(1,24) = 2.8625286488302847942577500e-01;
cgpopsMeshHistoryTimesHD(1,25) = 2.9054262797701901899216637e-01;
cgpopsMeshHistoryTimesHD(1,26) = 3.0082495764469530108442541e-01;
cgpopsMeshHistoryTimesHD(1,27) = 3.1913846949583546397377631e-01;
cgpopsMeshHistoryTimesHD(1,28) = 3.3467663621253174177638812e-01;
cgpopsMeshHistoryTimesHD(1,29) = 3.3896639930652217032047702e-01;
cgpopsMeshHistoryTimesHD(1,30) = 3.4924872897419856343503852e-01;
cgpopsMeshHistoryTimesHD(1,31) = 3.6756224082533850427978450e-01;
cgpopsMeshHistoryTimesHD(1,32) = 3.8310040754203489310469877e-01;
cgpopsMeshHistoryTimesHD(1,33) = 3.8739017063602543267109013e-01;
cgpopsMeshHistoryTimesHD(1,34) = 3.9767250030370171476334917e-01;
cgpopsMeshHistoryTimesHD(1,35) = 4.1598601215484165560809515e-01;
cgpopsMeshHistoryTimesHD(1,36) = 4.3152417887153804443300942e-01;
cgpopsMeshHistoryTimesHD(1,37) = 4.3581394196552847297709832e-01;
cgpopsMeshHistoryTimesHD(1,38) = 4.4609627163320486609165982e-01;
cgpopsMeshHistoryTimesHD(1,39) = 4.6440978348434480693640580e-01;
cgpopsMeshHistoryTimesHD(1,40) = 4.7994795020104108473901761e-01;
cgpopsMeshHistoryTimesHD(1,41) = 4.8423771329503151328310651e-01;
cgpopsMeshHistoryTimesHD(1,42) = 4.9452004296270790639766801e-01;
cgpopsMeshHistoryTimesHD(1,43) = 5.1283355481384806928701892e-01;
cgpopsMeshHistoryTimesHD(1,44) = 5.2837172153054434708963072e-01;
cgpopsMeshHistoryTimesHD(1,45) = 5.3266148462453477563371962e-01;
cgpopsMeshHistoryTimesHD(1,46) = 5.4294381429221116874828112e-01;
cgpopsMeshHistoryTimesHD(1,47) = 5.6125732614335110959302710e-01;
cgpopsMeshHistoryTimesHD(1,48) = 5.7679549286004749841794137e-01;
cgpopsMeshHistoryTimesHD(1,49) = 5.8108525595403792696203027e-01;
cgpopsMeshHistoryTimesHD(1,50) = 5.9136758562171432007659178e-01;
cgpopsMeshHistoryTimesHD(1,51) = 6.0968109747285426092133775e-01;
cgpopsMeshHistoryTimesHD(1,52) = 6.2521926418955053872394956e-01;
cgpopsMeshHistoryTimesHD(1,53) = 6.2950902728354107829034092e-01;
cgpopsMeshHistoryTimesHD(1,54) = 6.3979135695121736038259996e-01;
cgpopsMeshHistoryTimesHD(1,55) = 6.5810486880235741224964841e-01;
cgpopsMeshHistoryTimesHD(1,56) = 6.7364303551905380107456267e-01;
cgpopsMeshHistoryTimesHD(1,57) = 6.7793279861304422961865157e-01;
cgpopsMeshHistoryTimesHD(1,58) = 6.8821512828072062273321308e-01;
cgpopsMeshHistoryTimesHD(1,59) = 7.0652864013186056357795906e-01;
cgpopsMeshHistoryTimesHD(1,60) = 7.2206680684855695240287332e-01;
cgpopsMeshHistoryTimesHD(1,61) = 7.2635656994254738094696222e-01;
cgpopsMeshHistoryTimesHD(1,62) = 7.3663889961022377406152373e-01;
cgpopsMeshHistoryTimesHD(1,63) = 7.5495241146136371490626971e-01;
cgpopsMeshHistoryTimesHD(1,64) = 7.7049057817806021475348643e-01;
cgpopsMeshHistoryTimesHD(1,65) = 7.7478034127205064329757533e-01;
cgpopsMeshHistoryTimesHD(1,66) = 7.8506267093972703641213684e-01;
cgpopsMeshHistoryTimesHD(1,67) = 8.0337618279086697725688282e-01;
cgpopsMeshHistoryTimesHD(1,68) = 8.1891434950756347710409955e-01;
cgpopsMeshHistoryTimesHD(1,69) = 8.2320411260155390564818845e-01;
cgpopsMeshHistoryTimesHD(1,70) = 8.3348644226923029876274995e-01;
cgpopsMeshHistoryTimesHD(1,71) = 8.5179995412037023960749593e-01;
cgpopsMeshHistoryTimesHD(1,72) = 8.6733812083706662843241020e-01;
cgpopsMeshHistoryTimesHD(1,73) = 8.7162788393105705697649910e-01;
cgpopsMeshHistoryTimesHD(1,74) = 8.8191021359873345009106060e-01;
cgpopsMeshHistoryTimesHD(1,75) = 9.0022372544987350195810905e-01;
cgpopsMeshHistoryTimesHD(1,76) = 9.1576189216656977976072085e-01;
cgpopsMeshHistoryTimesHD(1,77) = 9.2005165526056020830480975e-01;
cgpopsMeshHistoryTimesHD(1,78) = 9.3033398492823660141937125e-01;
cgpopsMeshHistoryTimesHD(1,79) = 9.4864749677937665328641970e-01;
cgpopsMeshHistoryTimesHD(1,80) = 9.6418566349607304211133396e-01;
cgpopsMeshHistoryTimesHD(1,81) = 9.6847542659006347065542286e-01;
cgpopsMeshHistoryTimesHD(1,82) = 9.7875775625773986376998437e-01;
cgpopsMeshHistoryTimesHD(1,83) = 9.9707126810887980461473035e-01;
cgpopsMeshHistoryTimesHD(1,84) = 1.0126094348255763044619471e+00;
cgpopsMeshHistoryTimesHD(1,85) = 1.0168991979195667330060360e+00;
cgpopsMeshHistoryTimesHD(1,86) = 1.0271815275872431261205975e+00;
cgpopsMeshHistoryTimesHD(1,87) = 1.0454950394383830669653435e+00;
cgpopsMeshHistoryTimesHD(1,88) = 1.0610332061550793447679553e+00;
cgpopsMeshHistoryTimesHD(1,89) = 1.0653229692490699953566491e+00;
cgpopsMeshHistoryTimesHD(1,90) = 1.0756052989167463884712106e+00;
cgpopsMeshHistoryTimesHD(1,91) = 1.0939188107678863293159566e+00;
cgpopsMeshHistoryTimesHD(1,92) = 1.1094569774845826071185684e+00;
cgpopsMeshHistoryTimesHD(1,93) = 1.1137467405785730356626573e+00;
cgpopsMeshHistoryTimesHD(1,94) = 1.1240290702462494287772188e+00;
cgpopsMeshHistoryTimesHD(1,95) = 1.1423425820973893696219648e+00;
cgpopsMeshHistoryTimesHD(1,96) = 1.1578807488140858694691815e+00;
cgpopsMeshHistoryTimesHD(1,97) = 1.1621705119080762980132704e+00;
cgpopsMeshHistoryTimesHD(1,98) = 1.1724528415757526911278319e+00;
cgpopsMeshHistoryTimesHD(1,99) = 1.1907663534268926319725779e+00;
cgpopsMeshHistoryTimesHD(1,100) = 1.2063045201435891318197946e+00;
cgpopsMeshHistoryTimesHD(1,101) = 1.2105942832375793383192786e+00;
cgpopsMeshHistoryTimesHD(1,102) = 1.2208766129052557314338401e+00;
cgpopsMeshHistoryTimesHD(1,103) = 1.2391901247563958943231910e+00;
cgpopsMeshHistoryTimesHD(1,104) = 1.2547282914730921721258028e+00;
cgpopsMeshHistoryTimesHD(1,105) = 1.2590180545670826006698917e+00;
cgpopsMeshHistoryTimesHD(1,106) = 1.2693003842347589937844532e+00;
cgpopsMeshHistoryTimesHD(1,107) = 1.2876138960858991566738041e+00;
cgpopsMeshHistoryTimesHD(1,108) = 1.3031520628025954344764159e+00;
cgpopsMeshHistoryTimesHD(1,109) = 1.3074418258965858630205048e+00;
cgpopsMeshHistoryTimesHD(1,110) = 1.3177241555642622561350663e+00;
cgpopsMeshHistoryTimesHD(1,111) = 1.3360376674154021969798123e+00;
cgpopsMeshHistoryTimesHD(1,112) = 1.3515758341320984747824241e+00;
cgpopsMeshHistoryTimesHD(1,113) = 1.3558655972260891253711179e+00;
cgpopsMeshHistoryTimesHD(1,114) = 1.3661479268937652964410745e+00;
cgpopsMeshHistoryTimesHD(1,115) = 1.3844614387449054593304254e+00;
cgpopsMeshHistoryTimesHD(1,116) = 1.3999996054616017371330372e+00;
cgpopsMeshHistoryTimesHD(1,117) = 1.4042893685555921656771261e+00;
cgpopsMeshHistoryTimesHD(1,118) = 1.4145716982232685587916876e+00;
cgpopsMeshHistoryTimesHD(1,119) = 1.4328852100744087216810385e+00;
cgpopsMeshHistoryTimesHD(1,120) = 1.4484233767911049994836503e+00;
