%% cgpopsIPOPTSolutionHD.m
% initnuminterval = 40, initcolpts = 4
% Phase = 0, currnuminterval = 2, currcolpts = 10
% LavrentievConstraintFlagG = 0
% MeshIterG = 2
iterIPOPTHD = 54;

NLPobjIPOPTHD = 4.4961857245679709427221837e-01;
runTimeIPOPTHD = 3.1724730000000000984528015e+00;


nx(1) = 7;
nu(1) = 3;
nq(1) = 0;
Nt(1) = 60;
ns = 0;
systemHD.phase(1).x(1).point(1) = 1.0000000000057842619582971e+00;
systemHD.phase(1).x(1).point(2) = 9.9999990859762655226461447e-01;
systemHD.phase(1).x(1).point(3) = 9.9999280027717307728352125e-01;
systemHD.phase(1).x(1).point(4) = 9.9993451261196930612840106e-01;
systemHD.phase(1).x(1).point(5) = 9.9981073461706848615193621e-01;
systemHD.phase(1).x(1).point(6) = 9.9976055115463002831432959e-01;
systemHD.phase(1).x(1).point(7) = 9.9959593215383235609294843e-01;
systemHD.phase(1).x(1).point(8) = 9.9903636027283160281342589e-01;
systemHD.phase(1).x(1).point(9) = 9.9788954667406581933164489e-01;
systemHD.phase(1).x(1).point(10) = 9.9658979988399487570660540e-01;
systemHD.phase(1).x(1).point(11) = 9.9617112212653291525299437e-01;
systemHD.phase(1).x(1).point(12) = 9.9538824312811069461304214e-01;
systemHD.phase(1).x(1).point(13) = 9.9357767250547235349245057e-01;
systemHD.phase(1).x(1).point(14) = 9.9112909696042161833418049e-01;
systemHD.phase(1).x(1).point(15) = 9.8905964556604120119231993e-01;
systemHD.phase(1).x(1).point(16) = 9.8847532503331814179858839e-01;
systemHD.phase(1).x(1).point(17) = 9.8695956956805186433001609e-01;
systemHD.phase(1).x(1).point(18) = 9.8357630248016891805207251e-01;
systemHD.phase(1).x(1).point(19) = 9.7916758889373556318247438e-01;
systemHD.phase(1).x(1).point(20) = 9.7553516388801608805181331e-01;
systemHD.phase(1).x(1).point(21) = 9.7452111285799969397913856e-01;
systemHD.phase(1).x(1).point(22) = 9.7076447287507072747558823e-01;
systemHD.phase(1).x(1).point(23) = 9.6262854416681098435049080e-01;
systemHD.phase(1).x(1).point(24) = 9.5250926724053708305461896e-01;
systemHD.phase(1).x(1).point(25) = 9.4452297523943584689476438e-01;
systemHD.phase(1).x(1).point(26) = 9.4234235368166585633531440e-01;
systemHD.phase(1).x(1).point(27) = 9.3681502238323333120462166e-01;
systemHD.phase(1).x(1).point(28) = 9.2503440127679048554654173e-01;
systemHD.phase(1).x(1).point(29) = 9.1054729027648051431498288e-01;
systemHD.phase(1).x(1).point(30) = 8.9914484062214838910875869e-01;
systemHD.phase(1).x(1).point(31) = 8.9602991326090020152150828e-01;
systemHD.phase(1).x(1).point(32) = 8.8831802033082341019110117e-01;
systemHD.phase(1).x(1).point(33) = 8.7307862291845983460092384e-01;
systemHD.phase(1).x(1).point(34) = 8.5640536061072602969090894e-01;
systemHD.phase(1).x(1).point(35) = 8.4471641341095260457905169e-01;
systemHD.phase(1).x(1).point(36) = 8.4172261711602025524570081e-01;
systemHD.phase(1).x(1).point(37) = 8.3448097778305951877086954e-01;
systemHD.phase(1).x(1).point(38) = 8.2053974385546013525782882e-01;
systemHD.phase(1).x(1).point(39) = 8.0575361976497894556104029e-01;
systemHD.phase(1).x(1).point(40) = 7.9562035447614398719906603e-01;
systemHD.phase(1).x(1).point(41) = 7.9305042261254532487413371e-01;
systemHD.phase(1).x(1).point(42) = 7.8874864990250359575441053e-01;
systemHD.phase(1).x(1).point(43) = 7.8043866099892200693943778e-01;
systemHD.phase(1).x(1).point(44) = 7.7159506176001724231383605e-01;
systemHD.phase(1).x(1).point(45) = 7.6553200647780328402802752e-01;
systemHD.phase(1).x(1).point(46) = 7.6399639191270607430084283e-01;
systemHD.phase(1).x(1).point(47) = 7.6031078749596048282910488e-01;
systemHD.phase(1).x(1).point(48) = 7.5333277828122613417605180e-01;
systemHD.phase(1).x(1).point(49) = 7.4611475056660714333389706e-01;
systemHD.phase(1).x(1).point(50) = 7.4129421914580895247581793e-01;
systemHD.phase(1).x(1).point(51) = 7.4009041048003376683794841e-01;
systemHD.phase(1).x(1).point(52) = 7.3596720832071504947435869e-01;
systemHD.phase(1).x(1).point(53) = 7.2843571002744622600033608e-01;
systemHD.phase(1).x(1).point(54) = 7.2121932703569513467556362e-01;
systemHD.phase(1).x(1).point(55) = 7.1687803363667890188537513e-01;
systemHD.phase(1).x(1).point(56) = 7.1587093910495058768361787e-01;
systemHD.phase(1).x(1).point(57) = 7.1362519112264000131773400e-01;
systemHD.phase(1).x(1).point(58) = 7.1012991187922247515729168e-01;
systemHD.phase(1).x(1).point(59) = 7.0779054087414705609404564e-01;
systemHD.phase(1).x(1).point(60) = 7.0713593200279689643394931e-01;
systemHD.phase(1).x(1).point(61) = 7.0710680100344402987389003e-01;
systemHD.phase(1).x(2).point(1) = 1.9879453660955569187622098e-08;
systemHD.phase(1).x(2).point(2) = 2.4681471380097209098250510e-04;
systemHD.phase(1).x(2).point(3) = 2.1908525212236103565932588e-03;
systemHD.phase(1).x(2).point(4) = 6.6073289602350893448545754e-03;
systemHD.phase(1).x(2).point(5) = 1.1232320592072547738027311e-02;
systemHD.phase(1).x(2).point(6) = 1.2633822347087793683262369e-02;
systemHD.phase(1).x(2).point(7) = 1.6411091948349641050919345e-02;
systemHD.phase(1).x(2).point(8) = 2.5340032773529495846442927e-02;
systemHD.phase(1).x(2).point(9) = 3.7489782235089127992999636e-02;
systemHD.phase(1).x(2).point(10) = 4.7640219779593637183801036e-02;
systemHD.phase(1).x(2).point(11) = 5.0474730847077368955932997e-02;
systemHD.phase(1).x(2).point(12) = 5.5475023947426899129098388e-02;
systemHD.phase(1).x(2).point(13) = 6.6134069654497501522527614e-02;
systemHD.phase(1).x(2).point(14) = 7.9146537917610212953256621e-02;
systemHD.phase(1).x(2).point(15) = 8.9246857776785704086108808e-02;
systemHD.phase(1).x(2).point(16) = 9.1978674267989737889372748e-02;
systemHD.phase(1).x(2).point(17) = 9.8851514522258973616253286e-02;
systemHD.phase(1).x(2).point(18) = 1.1324054130557592579009452e-01;
systemHD.phase(1).x(2).point(19) = 1.3041670991183604288998765e-01;
systemHD.phase(1).x(2).point(20) = 1.4351087838781040328939298e-01;
systemHD.phase(1).x(2).point(21) = 1.4702147407330617978615805e-01;
systemHD.phase(1).x(2).point(22) = 1.5973874178721583771967119e-01;
systemHD.phase(1).x(2).point(23) = 1.8626435987543654704268192e-01;
systemHD.phase(1).x(2).point(24) = 2.1775889565727485353008319e-01;
systemHD.phase(1).x(2).point(25) = 2.4164676748395064187491244e-01;
systemHD.phase(1).x(2).point(26) = 2.4803313905788115789619042e-01;
systemHD.phase(1).x(2).point(27) = 2.6396992827854837138090716e-01;
systemHD.phase(1).x(2).point(28) = 2.9677410760995465155431816e-01;
systemHD.phase(1).x(2).point(29) = 3.3502734999119687664403955e-01;
systemHD.phase(1).x(2).point(30) = 3.6357894197217066611926839e-01;
systemHD.phase(1).x(2).point(31) = 3.7114773879715079463181837e-01;
systemHD.phase(1).x(2).point(32) = 3.8948125383437098845362812e-01;
systemHD.phase(1).x(2).point(33) = 4.2422949414825278369178818e-01;
systemHD.phase(1).x(2).point(34) = 4.6039925149674415516543036e-01;
systemHD.phase(1).x(2).point(35) = 4.8480976800622271882801329e-01;
systemHD.phase(1).x(2).point(36) = 4.9095070272267965494350506e-01;
systemHD.phase(1).x(2).point(37) = 5.0562995104665231504981193e-01;
systemHD.phase(1).x(2).point(38) = 5.3322868271299683762265431e-01;
systemHD.phase(1).x(2).point(39) = 5.6157757148151965509441652e-01;
systemHD.phase(1).x(2).point(40) = 5.8043060127316670193664550e-01;
systemHD.phase(1).x(2).point(41) = 5.8513053223685451698088400e-01;
systemHD.phase(1).x(2).point(42) = 5.9286841188317196404966580e-01;
systemHD.phase(1).x(2).point(43) = 6.0727892137918915160810229e-01;
systemHD.phase(1).x(2).point(44) = 6.2189906395154481710818573e-01;
systemHD.phase(1).x(2).point(45) = 6.3152845306956995052871662e-01;
systemHD.phase(1).x(2).point(46) = 6.3391881167283803399925546e-01;
systemHD.phase(1).x(2).point(47) = 6.3957791716508616275405075e-01;
systemHD.phase(1).x(2).point(48) = 6.4999678727191889660019797e-01;
systemHD.phase(1).x(2).point(49) = 6.6037119312878855836856928e-01;
systemHD.phase(1).x(2).point(50) = 6.6706665917551899447346386e-01;
systemHD.phase(1).x(2).point(51) = 6.6870830006714376825271984e-01;
