%% cgpopsMeshHistoryMaxErrHDdata0.m


cgpopsMeshHistoryMaxErrHD(1,1) = 3.4674814865118516487207858e-06;
cgpopsMeshHistoryMaxErrHD(2,1) = 6.4910939763796494335253715e-07;
cgpopsMeshHistoryMaxErrHD(3,1) = 1.1059165961128461557303360e-07;
cgpopsMeshHistoryMaxErrHD(4,1) = 9.7850728572482080021733165e-08;

