%% cgpopsMeshHistoryTimesHDdata.m


cgpopsMeshHistoryTimesHD(1,1) = 0.0000000000000000000000000e+00;
cgpopsMeshHistoryTimesHD(1,2) = 1.2852986169949787154109799e-02;
cgpopsMeshHistoryTimesHD(1,3) = 3.5745007934809613914239890e-02;
cgpopsMeshHistoryTimesHD(1,4) = 5.5167828284937714400371078e-02;
cgpopsMeshHistoryTimesHD(1,5) = 6.0530063060656669193804191e-02;
cgpopsMeshHistoryTimesHD(1,6) = 7.3383049230606234303309066e-02;
cgpopsMeshHistoryTimesHD(1,7) = 9.6275070995466283108044081e-02;
cgpopsMeshHistoryTimesHD(1,8) = 1.1569789134559438359417527e-01;
cgpopsMeshHistoryTimesHD(1,9) = 1.2106012612131311634300346e-01;
cgpopsMeshHistoryTimesHD(1,10) = 1.3391311229126268145250833e-01;
cgpopsMeshHistoryTimesHD(1,11) = 1.5680513405612273025724335e-01;
cgpopsMeshHistoryTimesHD(1,12) = 1.7622795440625083074337454e-01;
cgpopsMeshHistoryTimesHD(1,13) = 1.8159018918196978553680765e-01;
cgpopsMeshHistoryTimesHD(1,14) = 1.9444317535191935064631252e-01;
cgpopsMeshHistoryTimesHD(1,15) = 2.1733519711677928842874508e-01;
cgpopsMeshHistoryTimesHD(1,16) = 2.3675801746690738891487626e-01;
cgpopsMeshHistoryTimesHD(1,17) = 2.4212025224262623268600692e-01;
cgpopsMeshHistoryTimesHD(1,18) = 2.5497323841257590881781425e-01;
cgpopsMeshHistoryTimesHD(1,19) = 2.7786526017743573557794434e-01;
cgpopsMeshHistoryTimesHD(1,20) = 2.9728808052756405810868046e-01;
cgpopsMeshHistoryTimesHD(1,21) = 3.0265031530328279085750864e-01;
cgpopsMeshHistoryTimesHD(1,22) = 3.1550330147323246698931598e-01;
cgpopsMeshHistoryTimesHD(1,23) = 3.3839532323809240477174853e-01;
cgpopsMeshHistoryTimesHD(1,24) = 3.5781814358822050525787972e-01;
cgpopsMeshHistoryTimesHD(1,25) = 3.6318037836393934902901037e-01;
cgpopsMeshHistoryTimesHD(1,26) = 3.7603336453388913618312017e-01;
cgpopsMeshHistoryTimesHD(1,27) = 3.9892538629874896294325026e-01;
cgpopsMeshHistoryTimesHD(1,28) = 4.1834820664887695240707899e-01;
cgpopsMeshHistoryTimesHD(1,29) = 4.2371044142459590720051210e-01;
cgpopsMeshHistoryTimesHD(1,30) = 4.3656342759454558333231944e-01;
cgpopsMeshHistoryTimesHD(1,31) = 4.5945544935940552111475199e-01;
cgpopsMeshHistoryTimesHD(1,32) = 4.7887826970953362160088318e-01;
cgpopsMeshHistoryTimesHD(1,33) = 4.8424050448525235434971137e-01;
cgpopsMeshHistoryTimesHD(1,34) = 4.9709349065520203048151870e-01;
cgpopsMeshHistoryTimesHD(1,35) = 5.1998551242006196826395126e-01;
cgpopsMeshHistoryTimesHD(1,36) = 5.3940833277019017977238491e-01;
cgpopsMeshHistoryTimesHD(1,37) = 5.4477056754590902354351556e-01;
cgpopsMeshHistoryTimesHD(1,38) = 5.5762355371585869967532290e-01;
cgpopsMeshHistoryTimesHD(1,39) = 5.8051557548071852643545299e-01;
cgpopsMeshHistoryTimesHD(1,40) = 5.9993839583084662692158417e-01;
cgpopsMeshHistoryTimesHD(1,41) = 6.0530063060656558171501729e-01;
cgpopsMeshHistoryTimesHD(1,42) = 6.1815361677651514682452216e-01;
cgpopsMeshHistoryTimesHD(1,43) = 6.4104563854137508460695472e-01;
cgpopsMeshHistoryTimesHD(1,44) = 6.6046845889150318509308590e-01;
cgpopsMeshHistoryTimesHD(1,45) = 6.6583069366722202886421655e-01;
cgpopsMeshHistoryTimesHD(1,46) = 6.7868367983717170499602389e-01;
cgpopsMeshHistoryTimesHD(1,47) = 7.0157570160203164277845644e-01;
cgpopsMeshHistoryTimesHD(1,48) = 7.2099852195215974326458763e-01;
cgpopsMeshHistoryTimesHD(1,49) = 7.2636075672787869805802075e-01;
cgpopsMeshHistoryTimesHD(1,50) = 7.3921374289782837418982808e-01;
cgpopsMeshHistoryTimesHD(1,51) = 7.6210576466268831197226064e-01;
cgpopsMeshHistoryTimesHD(1,52) = 7.8152858501281641245839182e-01;
cgpopsMeshHistoryTimesHD(1,53) = 7.8689081978853525622952247e-01;
cgpopsMeshHistoryTimesHD(1,54) = 7.9974380595848493236132981e-01;
cgpopsMeshHistoryTimesHD(1,55) = 8.2263582772334487014376236e-01;
cgpopsMeshHistoryTimesHD(1,56) = 8.4205864807347297062989355e-01;
cgpopsMeshHistoryTimesHD(1,57) = 8.4742088284919181440102420e-01;
cgpopsMeshHistoryTimesHD(1,58) = 8.6027386901914160155513400e-01;
cgpopsMeshHistoryTimesHD(1,59) = 8.8316589078400142831526409e-01;
cgpopsMeshHistoryTimesHD(1,60) = 9.0258871113412952880139528e-01;
cgpopsMeshHistoryTimesHD(1,61) = 9.0795094590984848359482839e-01;
cgpopsMeshHistoryTimesHD(1,62) = 9.2080393207979827074893819e-01;
cgpopsMeshHistoryTimesHD(1,63) = 9.4369595384465809750906828e-01;
cgpopsMeshHistoryTimesHD(1,64) = 9.6311877419478619799519947e-01;
cgpopsMeshHistoryTimesHD(1,65) = 9.6848100897050515278863259e-01;
cgpopsMeshHistoryTimesHD(1,66) = 9.8133399514045482892043992e-01;
cgpopsMeshHistoryTimesHD(1,67) = 1.0042260169053147667028725e+00;
cgpopsMeshHistoryTimesHD(1,68) = 1.0236488372554428671890037e+00;
cgpopsMeshHistoryTimesHD(1,69) = 1.0290110720311618219824368e+00;
cgpopsMeshHistoryTimesHD(1,70) = 1.0418640582011113870919417e+00;
cgpopsMeshHistoryTimesHD(1,71) = 1.0647560799659712138520717e+00;
cgpopsMeshHistoryTimesHD(1,72) = 1.0841789003160995363828079e+00;
cgpopsMeshHistoryTimesHD(1,73) = 1.0895411350918182691316360e+00;
cgpopsMeshHistoryTimesHD(1,74) = 1.1023941212617680562857458e+00;
cgpopsMeshHistoryTimesHD(1,75) = 1.1252861430266278830458759e+00;
cgpopsMeshHistoryTimesHD(1,76) = 1.1447089633767559835320071e+00;
cgpopsMeshHistoryTimesHD(1,77) = 1.1500711981524749383254402e+00;
cgpopsMeshHistoryTimesHD(1,78) = 1.1629241843224247254795500e+00;
cgpopsMeshHistoryTimesHD(1,79) = 1.1858162060872845522396801e+00;
cgpopsMeshHistoryTimesHD(1,80) = 1.2052390264374126527258113e+00;
cgpopsMeshHistoryTimesHD(1,81) = 1.2106012612131313854746395e+00;
cgpopsMeshHistoryTimesHD(1,82) = 1.2234542473830811726287493e+00;
cgpopsMeshHistoryTimesHD(1,83) = 1.2463462691479409993888794e+00;
cgpopsMeshHistoryTimesHD(1,84) = 1.2657690894980693219196155e+00;
cgpopsMeshHistoryTimesHD(1,85) = 1.2711313242737880546684437e+00;
cgpopsMeshHistoryTimesHD(1,86) = 1.2839843104437376197779486e+00;
cgpopsMeshHistoryTimesHD(1,87) = 1.3068763322085976685826836e+00;
cgpopsMeshHistoryTimesHD(1,88) = 1.3262991525587255470242098e+00;
cgpopsMeshHistoryTimesHD(1,89) = 1.3316613873344447238622479e+00;
cgpopsMeshHistoryTimesHD(1,90) = 1.3445143735043942889717528e+00;
cgpopsMeshHistoryTimesHD(1,91) = 1.3674063952692543377764878e+00;
cgpopsMeshHistoryTimesHD(1,92) = 1.3868292156193824382626190e+00;
cgpopsMeshHistoryTimesHD(1,93) = 1.3921914503951011710114471e+00;
cgpopsMeshHistoryTimesHD(1,94) = 1.4050444365650509581655569e+00;
cgpopsMeshHistoryTimesHD(1,95) = 1.4279364583299107849256870e+00;
cgpopsMeshHistoryTimesHD(1,96) = 1.4473592786800388854118182e+00;
cgpopsMeshHistoryTimesHD(1,97) = 1.4527215134557578402052513e+00;
cgpopsMeshHistoryTimesHD(1,98) = 1.4655744996257076273593611e+00;
cgpopsMeshHistoryTimesHD(1,99) = 1.4884665213905674541194912e+00;
cgpopsMeshHistoryTimesHD(1,100) = 1.5078893417406957766502273e+00;
cgpopsMeshHistoryTimesHD(1,101) = 1.5132515765164145093990555e+00;
cgpopsMeshHistoryTimesHD(1,102) = 1.5261045626863642965531653e+00;
cgpopsMeshHistoryTimesHD(1,103) = 1.5489965844512241233132954e+00;
cgpopsMeshHistoryTimesHD(1,104) = 1.5684194048013520017548217e+00;
cgpopsMeshHistoryTimesHD(1,105) = 1.5737816395770711785928597e+00;
cgpopsMeshHistoryTimesHD(1,106) = 1.5866346257470207437023646e+00;
cgpopsMeshHistoryTimesHD(1,107) = 1.6095266475118807925070996e+00;
cgpopsMeshHistoryTimesHD(1,108) = 1.6289494678620088929932308e+00;
cgpopsMeshHistoryTimesHD(1,109) = 1.6343117026377278477866639e+00;
cgpopsMeshHistoryTimesHD(1,110) = 1.6471646888076774128961688e+00;
cgpopsMeshHistoryTimesHD(1,111) = 1.6700567105725372396562989e+00;
cgpopsMeshHistoryTimesHD(1,112) = 1.6894795309226653401424301e+00;
cgpopsMeshHistoryTimesHD(1,113) = 1.6948417656983842949358632e+00;
cgpopsMeshHistoryTimesHD(1,114) = 1.7076947518683340820899730e+00;
cgpopsMeshHistoryTimesHD(1,115) = 1.7305867736331939088501031e+00;
cgpopsMeshHistoryTimesHD(1,116) = 1.7500095939833220093362343e+00;
cgpopsMeshHistoryTimesHD(1,117) = 1.7553718287590409641296674e+00;
cgpopsMeshHistoryTimesHD(1,118) = 1.7682248149289905292391722e+00;
cgpopsMeshHistoryTimesHD(1,119) = 1.7911168366938505780439073e+00;
cgpopsMeshHistoryTimesHD(1,120) = 1.8105396570439784564854335e+00;
