%% cgpopsMeshHistoryFracsHDdata.m


cgpopsMeshHistoryFracsHD(1,1) = 2.5000000000000001387778781e-02;
cgpopsMeshHistoryFracsHD(1,2) = 2.5000000000000001387778781e-02;
cgpopsMeshHistoryFracsHD(1,3) = 2.5000000000000001387778781e-02;
cgpopsMeshHistoryFracsHD(1,4) = 2.5000000000000001387778781e-02;
cgpopsMeshHistoryFracsHD(1,5) = 2.5000000000000001387778781e-02;
cgpopsMeshHistoryFracsHD(1,6) = 2.5000000000000001387778781e-02;
cgpopsMeshHistoryFracsHD(1,7) = 2.5000000000000001387778781e-02;
cgpopsMeshHistoryFracsHD(1,8) = 2.5000000000000001387778781e-02;
cgpopsMeshHistoryFracsHD(1,9) = 2.5000000000000001387778781e-02;
cgpopsMeshHistoryFracsHD(1,10) = 2.5000000000000001387778781e-02;
cgpopsMeshHistoryFracsHD(1,11) = 2.5000000000000001387778781e-02;
cgpopsMeshHistoryFracsHD(1,12) = 2.5000000000000001387778781e-02;
cgpopsMeshHistoryFracsHD(1,13) = 2.5000000000000001387778781e-02;
cgpopsMeshHistoryFracsHD(1,14) = 2.5000000000000001387778781e-02;
cgpopsMeshHistoryFracsHD(1,15) = 2.5000000000000001387778781e-02;
cgpopsMeshHistoryFracsHD(1,16) = 2.5000000000000001387778781e-02;
cgpopsMeshHistoryFracsHD(1,17) = 2.5000000000000001387778781e-02;
cgpopsMeshHistoryFracsHD(1,18) = 2.5000000000000001387778781e-02;
cgpopsMeshHistoryFracsHD(1,19) = 2.5000000000000001387778781e-02;
cgpopsMeshHistoryFracsHD(1,20) = 2.5000000000000001387778781e-02;
cgpopsMeshHistoryFracsHD(1,21) = 2.5000000000000001387778781e-02;
cgpopsMeshHistoryFracsHD(1,22) = 2.5000000000000001387778781e-02;
cgpopsMeshHistoryFracsHD(1,23) = 2.5000000000000001387778781e-02;
cgpopsMeshHistoryFracsHD(1,24) = 2.5000000000000001387778781e-02;
cgpopsMeshHistoryFracsHD(1,25) = 2.5000000000000001387778781e-02;
cgpopsMeshHistoryFracsHD(1,26) = 2.5000000000000001387778781e-02;
cgpopsMeshHistoryFracsHD(1,27) = 2.5000000000000001387778781e-02;
cgpopsMeshHistoryFracsHD(1,28) = 2.5000000000000001387778781e-02;
cgpopsMeshHistoryFracsHD(1,29) = 2.5000000000000001387778781e-02;
cgpopsMeshHistoryFracsHD(1,30) = 2.5000000000000001387778781e-02;
cgpopsMeshHistoryFracsHD(1,31) = 2.5000000000000001387778781e-02;
cgpopsMeshHistoryFracsHD(1,32) = 2.5000000000000001387778781e-02;
cgpopsMeshHistoryFracsHD(1,33) = 2.5000000000000001387778781e-02;
cgpopsMeshHistoryFracsHD(1,34) = 2.5000000000000001387778781e-02;
cgpopsMeshHistoryFracsHD(1,35) = 2.5000000000000001387778781e-02;
cgpopsMeshHistoryFracsHD(1,36) = 2.5000000000000001387778781e-02;
cgpopsMeshHistoryFracsHD(1,37) = 2.5000000000000001387778781e-02;
cgpopsMeshHistoryFracsHD(1,38) = 2.5000000000000001387778781e-02;
cgpopsMeshHistoryFracsHD(1,39) = 2.5000000000000001387778781e-02;
cgpopsMeshHistoryFracsHD(1,40) = 2.5000000000000001387778781e-02;
cgpopsMeshHistoryFracsHD(2,1) = 5.0000000000000000000000000e-01;
cgpopsMeshHistoryFracsHD(2,2) = 5.0000000000000000000000000e-01;
cgpopsMeshHistoryFracsHD(2,3) = 5.0000000000000000000000000e-01;
cgpopsMeshHistoryFracsHD(2,4) = 5.0000000000000000000000000e-01;
cgpopsMeshHistoryFracsHD(2,5) = 5.0000000000000000000000000e-01;
cgpopsMeshHistoryFracsHD(2,6) = 5.0000000000000000000000000e-01;
cgpopsMeshHistoryFracsHD(2,7) = 5.0000000000000000000000000e-01;
cgpopsMeshHistoryFracsHD(2,8) = 5.0000000000000000000000000e-01;
cgpopsMeshHistoryFracsHD(2,9) = 5.0000000000000000000000000e-01;
cgpopsMeshHistoryFracsHD(2,10) = 5.0000000000000000000000000e-01;
cgpopsMeshHistoryFracsHD(2,11) = 5.0000000000000000000000000e-01;
cgpopsMeshHistoryFracsHD(2,12) = 5.0000000000000000000000000e-01;

